/*--------------------------------*- C++ -*----------------------------------*\
| =========                 |                                                 |
| \\      /  F ield         | OpenFOAM: The Open Source CFD Toolbox           |
|  \\    /   O peration     | Version:  2406                                  |
|   \\  /    A nd           | Website:  www.openfoam.com                      |
|    \\/     M anipulation  |                                                 |
\*---------------------------------------------------------------------------*/
FoamFile
{
    version     2.0;
    format      ascii;
    arch        "LSB;label=32;scalar=64";
    class       volScalarField;
    location    "10.1";
    object      CO2;
}
// * * * * * * * * * * * * * * * * * * * * * * * * * * * * * * * * * * * * * //

dimensions      [0 0 0 0 0 0 0];

internalField   nonuniform List<scalar> 
1000
(
0.0709261
0.0709261
0.0709261
0.0709261
0.0709261
0.0709261
0.0709261
0.0709261
0.0709261
0.0709261
0.0709261
0.0709261
0.0709261
0.0709261
0.0709261
0.0709261
0.0709262
0.0709262
0.0709262
0.0709262
0.0709262
0.0709262
0.0709262
0.0709262
0.0709262
0.0709262
0.0709262
0.0709263
0.0709263
0.0709263
0.0709263
0.0709263
0.0709263
0.0709263
0.0709263
0.0709263
0.0709263
0.0709264
0.0709264
0.0709264
0.0709264
0.0709264
0.0709264
0.0709264
0.0709264
0.0709264
0.0709264
0.0709264
0.0709265
0.0709265
0.0709265
0.0709265
0.0709265
0.0709265
0.0709265
0.0709265
0.0709265
0.0709265
0.0709265
0.0709265
0.0709265
0.0709265
0.0709266
0.0709266
0.0709266
0.0709266
0.0709266
0.0709266
0.0709266
0.0709266
0.0709266
0.0709266
0.0709266
0.0709266
0.0709266
0.0709266
0.0709266
0.0709266
0.0709266
0.0709266
0.0709266
0.0709266
0.0709266
0.0709266
0.0709267
0.0709267
0.0709267
0.0709267
0.0709267
0.0709267
0.0709267
0.0709267
0.0709267
0.0709267
0.0709267
0.0709267
0.0709267
0.0709267
0.0709267
0.0709267
0.0709267
0.0709267
0.0709267
0.0709267
0.0709267
0.0709267
0.0709267
0.0709267
0.0709267
0.0709267
0.0709267
0.0709267
0.0709267
0.0709267
0.0709267
0.0709267
0.0709267
0.0709267
0.0709267
0.0709267
0.0709267
0.0709267
0.0709267
0.0709267
0.0709267
0.0709267
0.0709267
0.0709267
0.0709267
0.0709267
0.0709267
0.0709267
0.0709267
0.0709267
0.0709267
0.0709267
0.0709267
0.0709267
0.0709267
0.0709267
0.0709267
0.0709267
0.0709267
0.0709267
0.0709267
0.0709267
0.0709267
0.0709267
0.0709267
0.0709267
0.0709267
0.0709267
0.0709267
0.0709267
0.0709267
0.0709267
0.0709267
0.0709267
0.0709267
0.0709267
0.0709267
0.0709267
0.0709267
0.0709267
0.0709267
0.0709267
0.0709267
0.0709267
0.0709267
0.0709267
0.0709267
0.0709267
0.0709267
0.0709267
0.0709267
0.0709267
0.0709267
0.0709267
0.0709267
0.0709267
0.0709267
0.0709267
0.0709267
0.0709267
0.0709267
0.0709267
0.0709267
0.0709267
0.0709267
0.0709267
0.0709267
0.0709267
0.0709267
0.0709267
0.0709267
0.0709267
0.0709267
0.0709267
0.0709267
0.0709267
0.0709267
0.0709267
0.0709267
0.0709267
0.0709267
0.0709267
0.0709267
0.0709267
0.0709267
0.0709267
0.0709267
0.0709267
0.0709267
0.0709267
0.0709267
0.0709267
0.0709267
0.0709267
0.0709267
0.0709267
0.0709267
0.0709267
0.0709267
0.0709267
0.0709267
0.0709267
0.0709267
0.0709267
0.0709267
0.0709267
0.0709267
0.0709267
0.0709267
0.0709267
0.0709267
0.0709267
0.0709267
0.0709267
0.0709267
0.0709267
0.0709267
0.0709267
0.0709267
0.0709267
0.0709267
0.0709267
0.0709267
0.0709267
0.0709267
0.0709267
0.0709267
0.0709267
0.0709267
0.0709267
0.0709267
0.0709267
0.0709267
0.0709267
0.0709267
0.0709267
0.0709267
0.0709267
0.0709267
0.0709267
0.0709267
0.0709267
0.0709267
0.0709267
0.0709267
0.0709267
0.0709267
0.0709267
0.0709267
0.0709267
0.0709267
0.0709267
0.0709267
0.0709267
0.0709267
0.0709267
0.0709267
0.0709267
0.0709267
0.0709267
0.0709267
0.0709267
0.0709267
0.0709267
0.0709267
0.0709267
0.0709267
0.0709267
0.0709267
0.0709267
0.0709267
0.0709267
0.0709267
0.0709267
0.0709267
0.0709267
0.0709267
0.0709267
0.0709267
0.0709267
0.0709267
0.0709267
0.0709267
0.0709267
0.0709267
0.0709267
0.0709267
0.0709267
0.0709267
0.0709267
0.0709267
0.0709267
0.0709267
0.0709267
0.0709267
0.0709267
0.0709267
0.0709267
0.0709267
0.0709267
0.0709267
0.0709267
0.0709267
0.0709267
0.0709267
0.0709267
0.0709267
0.0709267
0.0709267
0.0709267
0.0709267
0.0709267
0.0709267
0.0709267
0.0709267
0.0709267
0.0709267
0.0709267
0.0709267
0.0709267
0.0709267
0.0709267
0.0709267
0.0709267
0.0709267
0.0709267
0.0709267
0.0709267
0.0709267
0.0709267
0.0709267
0.0709267
0.0709267
0.0709267
0.0709267
0.0709267
0.0709267
0.0709267
0.0709267
0.0709267
0.0709267
0.0709267
0.0709267
0.0709267
0.0709267
0.0709267
0.0709267
0.0709267
0.0709267
0.0709267
0.0709267
0.0709267
0.0709267
0.0709267
0.0709267
0.0709267
0.0709267
0.0709267
0.0709267
0.0709267
0.0709267
0.0709267
0.0709267
0.0709267
0.0709267
0.0709267
0.0709267
0.0709267
0.0709267
0.0709267
0.0709267
0.0709267
0.0709267
0.0709267
0.0709267
0.0709267
0.0709267
0.0709267
0.0709267
0.0709267
0.0709267
0.0709267
0.0709267
0.0709267
0.0709267
0.0709267
0.0709267
0.0709267
0.0709267
0.0709267
0.0709267
0.0709267
0.0709267
0.0709267
0.0709267
0.0709267
0.0709267
0.0709267
0.0709267
0.0709267
0.0709267
0.0709267
0.0709267
0.0709267
0.0709267
0.0709267
0.0709267
0.0709267
0.0709267
0.0709267
0.0709267
0.0709267
0.0709267
0.0709267
0.0709267
0.0709267
0.0709267
0.0709267
0.0709267
0.0709267
0.0709267
0.0709267
0.0709267
0.0709267
0.0709267
0.0709267
0.0709267
0.0709267
0.0709267
0.0709267
0.0709267
0.0709267
0.0709267
0.0709267
0.0709267
0.0709267
0.0709267
0.0709267
0.0709267
0.0709267
0.0709267
0.0709267
0.0709267
0.0709267
0.0709267
0.0709267
0.0709267
0.0709267
0.0709267
0.0709267
0.0709267
0.0709267
0.0709267
0.0709267
0.0709267
0.0709267
0.0709267
0.0709267
0.0709267
0.0709267
0.0709267
0.0709267
0.0709267
0.0709267
0.0709267
0.0709267
0.0709267
0.0709267
0.0709267
0.0709267
0.0709267
0.0709267
0.0709267
0.0709267
0.0709267
0.0709267
0.0709267
0.0709267
0.0709267
0.0709267
0.0709267
0.0709267
0.0709267
0.0709267
0.0709267
0.0709267
0.0709267
0.0709267
0.0709267
0.0709267
0.0709267
0.0709267
0.0709267
0.0709267
0.0709267
0.0709267
0.0709267
0.0709267
0.0709267
0.0709267
0.0709267
0.0709267
0.0709267
0.0709267
0.0709267
0.0709267
0.0709267
0.0709267
0.0709267
0.0709267
0.0709267
0.0709267
0.0709267
0.0709267
0.0709267
0.0709267
0.0709267
0.0709267
0.0709267
0.0709267
0.0709267
0.0709267
0.0709267
0.0709267
0.0709267
0.0709267
0.0709267
0.0709267
0.0709267
0.0709267
0.0709267
0.0709267
0.0709267
0.0709267
0.0709267
0.0709267
0.0709267
0.0709267
0.0709267
0.0709267
0.0709267
0.0709267
0.0709267
0.0709267
0.0709267
0.0709267
0.0709267
0.0709267
0.0709267
0.0709267
0.0709267
0.0709267
0.0709267
0.0709267
0.0709267
0.0709267
0.0709267
0.0709267
0.0709267
0.0709267
0.0709267
0.0709267
0.0709267
0.0709267
0.0709267
0.0709267
0.0709267
0.0709267
0.0709267
0.0709267
0.0709267
0.0709267
0.0709267
0.0709267
0.0709267
0.0709267
0.0709267
0.0709267
0.0709267
0.0709267
0.0709267
0.0709267
0.0709267
0.0709267
0.0709267
0.0709267
0.0709266
0.0709266
0.0709266
0.0709266
0.0709266
0.0709266
0.0709266
0.0709266
0.0709266
0.0709266
0.0709266
0.0709266
0.0709266
0.0709266
0.0709266
0.0709266
0.0709266
0.0709266
0.0709266
0.0709266
0.0709266
0.0709266
0.0709266
0.0709266
0.0709266
0.0709266
0.0709266
0.0709266
0.0709266
0.0709266
0.0709266
0.0709266
0.0709266
0.0709266
0.0709266
0.0709266
0.0709266
0.0709266
0.0709266
0.0709266
0.0709266
0.0709266
0.0709266
0.0709266
0.0709266
0.0709266
0.0709266
0.0709266
0.0709266
0.0709266
0.0709266
0.0709266
0.0709266
0.0709266
0.0709266
0.0709266
0.0709266
0.0709266
0.0709266
0.0709266
0.0709266
0.0709266
0.0709266
0.0709266
0.0709266
0.0709266
0.0709266
0.0709266
0.0709266
0.0709266
0.0709266
0.0709266
0.0709266
0.0709266
0.0709266
0.0709266
0.0709266
0.0709266
0.0709266
0.0709266
0.0709266
0.0709266
0.0709266
0.0709266
0.0709266
0.0709266
0.0709266
0.0709266
0.0709266
0.0709266
0.0709266
0.0709266
0.0709266
0.0709266
0.0709266
0.0709266
0.0709266
0.0709266
0.0709266
0.0709266
0.0709266
0.0709266
0.0709266
0.0709266
0.0709266
0.0709266
0.0709266
0.0709266
0.0709266
0.0709266
0.0709266
0.0709266
0.0709266
0.0709266
0.0709266
0.0709266
0.0709266
0.0709266
0.0709266
0.0709266
0.0709266
0.0709266
0.0709266
0.0709266
0.0709266
0.0709266
0.0709266
0.0709266
0.0709266
0.0709266
0.0709266
0.0709266
0.0709266
0.0709266
0.0709266
0.0709266
0.0709266
0.0709266
0.0709266
0.0709266
0.0709266
0.0709266
0.0709266
0.0709266
0.0709266
0.0709266
0.0709266
0.0709266
0.0709266
0.0709266
0.0709266
0.0709266
0.0709266
0.0709266
0.0709266
0.0709266
0.0709266
0.0709266
0.0709266
0.0709266
0.0709266
0.0709266
0.0709266
0.0709266
0.0709266
0.0709266
0.0709266
0.0709266
0.0709266
0.0709266
0.0709266
0.0709266
0.0709266
0.0709266
0.0709266
0.0709266
0.0709266
0.0709266
0.0709266
0.0709266
0.0709266
0.0709266
0.0709266
0.0709266
0.0709266
0.0709266
0.0709266
0.0709266
0.0709266
0.0709266
0.0709266
0.0709266
0.0709266
0.0709266
0.0709266
0.0709266
0.0709266
0.0709266
0.0709266
0.0709266
0.0709266
0.0709266
0.0709266
0.0709266
0.0709266
0.0709266
0.0709265
0.0709265
0.0709265
0.0709265
0.0709265
0.0709265
0.0709265
0.0709265
0.0709264
0.0709264
0.0709264
0.0709264
0.0709263
0.0709263
0.0709262
0.0709262
0.0709261
0.0709261
0.070926
0.0709259
0.0709259
0.0709258
0.0709257
0.0709255
0.0709254
0.0709253
0.0709251
0.0709249
0.0709247
0.0709245
0.0709242
0.0709239
0.0709236
0.0709232
0.0709228
0.0709224
0.0709218
0.0709213
0.0709207
0.07092
0.0709192
0.0709183
0.0709174
0.0709163
0.0709152
0.0709139
0.0709124
0.0709109
0.0709091
0.0709072
0.0709051
0.0709027
0.0709001
0.0708973
0.0708941
0.0708907
0.0708869
0.0708827
0.0708782
0.0708731
0.0708676
0.0708616
0.070855
0.0708478
0.07084
0.0708314
0.070822
0.0708117
0.0708005
0.0707884
0.0707751
0.0707607
0.0707451
0.070728
0.0707096
0.0706895
0.0706678
0.0706443
0.0706188
0.0705913
0.0705615
0.0705293
0.0704946
0.0704572
0.0704168
0.0703734
0.0703266
0.0702762
0.0702221
0.070164
0.0701017
0.0700348
0.0699632
0.0698864
0.0698043
0.0697165
0.0696226
0.0695224
0.0694155
0.0693014
0.0691799
0.0690506
0.068913
0.0687666
0.0686112
0.0684462
0.0682711
0.0680855
0.067889
0.0676809
0.0674608
0.0672283
0.0669826
0.0667234
0.0664501
0.0661621
0.0658588
0.0655397
0.0652043
0.0648519
0.064482
0.0640939
0.0636873
0.0632613
0.0628156
0.0623496
0.0618626
0.0613542
0.0608238
0.060271
0.0596952
0.059096
0.0584729
0.0578256
0.0571535
0.0564564
0.0557338
0.0549856
0.0542114
0.0534111
0.0525843
0.0517311
0.0508514
0.049945
0.049012
0.0480525
0.0470667
0.0460547
0.0450168
0.0439534
0.0428648
0.0417516
0.0406143
0.0394565
0.0382947
0.0370892
0.0358624
0.034615
0.033348
0.0320624
0.0307596
0.0294407
0.0281072
0.0267605
0.0254021
0.0240337
0.0226571
0.021274
0.0198864
0.0184965
0.0171065
0.0157187
0.0143359
0.0129607
0.0115962
0.0102458
0.00891312
0.00760225
0.00631774
0.00506471
0.00384894
0.002677
0.00155637
0.000495555
)
;

boundaryField
{
    fixedWall
    {
        type            zeroGradient;
    }
    outlet
    {
        type            inletOutlet;
        inletValue      uniform 0;
        value           uniform 0;
    }
    defaultFaces
    {
        type            empty;
    }
}


// ************************************************************************* //
