/*--------------------------------*- C++ -*----------------------------------*\
| =========                 |                                                 |
| \\      /  F ield         | OpenFOAM: The Open Source CFD Toolbox           |
|  \\    /   O peration     | Version:  2406                                  |
|   \\  /    A nd           | Website:  www.openfoam.com                      |
|    \\/     M anipulation  |                                                 |
\*---------------------------------------------------------------------------*/
FoamFile
{
    version     2.0;
    format      ascii;
    arch        "LSB;label=32;scalar=64";
    class       volScalarField;
    location    "10.1";
    object      f_Bilger;
}
// * * * * * * * * * * * * * * * * * * * * * * * * * * * * * * * * * * * * * //

dimensions      [0 0 0 0 0 0 0];

internalField   nonuniform List<scalar> 
1000
(
0.454053
0.454053
0.454053
0.454053
0.454053
0.454053
0.454053
0.454053
0.454053
0.454053
0.454053
0.454053
0.454053
0.454053
0.454053
0.454053
0.454053
0.454053
0.454053
0.454053
0.454053
0.454053
0.454053
0.454053
0.454053
0.454053
0.454053
0.454053
0.454053
0.454053
0.454053
0.454053
0.454053
0.454053
0.454053
0.454053
0.454053
0.454053
0.454053
0.454053
0.454053
0.454053
0.454053
0.454053
0.454053
0.454053
0.454053
0.454053
0.454053
0.454053
0.454053
0.454053
0.454053
0.454053
0.454053
0.454053
0.454053
0.454053
0.454053
0.454053
0.454053
0.454053
0.454053
0.454053
0.454053
0.454053
0.454053
0.454053
0.454053
0.454053
0.454053
0.454053
0.454053
0.454053
0.454053
0.454053
0.454053
0.454053
0.454053
0.454053
0.454053
0.454053
0.454053
0.454053
0.454053
0.454053
0.454053
0.454053
0.454053
0.454053
0.454053
0.454053
0.454053
0.454053
0.454053
0.454053
0.454053
0.454053
0.454053
0.454053
0.454053
0.454053
0.454053
0.454053
0.454053
0.454053
0.454053
0.454053
0.454053
0.454053
0.454053
0.454053
0.454053
0.454053
0.454053
0.454053
0.454053
0.454053
0.454053
0.454053
0.454053
0.454053
0.454053
0.454053
0.454053
0.454053
0.454053
0.454053
0.454053
0.454053
0.454053
0.454053
0.454053
0.454053
0.454053
0.454053
0.454053
0.454053
0.454053
0.454053
0.454053
0.454053
0.454053
0.454053
0.454053
0.454053
0.454053
0.454053
0.454053
0.454053
0.454053
0.454053
0.454053
0.454053
0.454053
0.454053
0.454053
0.454053
0.454053
0.454053
0.454053
0.454053
0.454053
0.454053
0.454053
0.454053
0.454053
0.454053
0.454053
0.454053
0.454053
0.454053
0.454053
0.454053
0.454053
0.454053
0.454053
0.454053
0.454053
0.454053
0.454053
0.454053
0.454053
0.454053
0.454053
0.454053
0.454053
0.454053
0.454053
0.454053
0.454053
0.454053
0.454053
0.454053
0.454053
0.454053
0.454053
0.454053
0.454053
0.454053
0.454053
0.454053
0.454053
0.454053
0.454053
0.454053
0.454053
0.454053
0.454053
0.454053
0.454053
0.454053
0.454053
0.454053
0.454053
0.454053
0.454053
0.454053
0.454053
0.454053
0.454053
0.454053
0.454053
0.454053
0.454053
0.454053
0.454053
0.454053
0.454053
0.454053
0.454053
0.454053
0.454053
0.454053
0.454053
0.454053
0.454053
0.454053
0.454053
0.454053
0.454053
0.454053
0.454053
0.454053
0.454053
0.454053
0.454053
0.454053
0.454053
0.454053
0.454053
0.454053
0.454053
0.454053
0.454053
0.454053
0.454053
0.454053
0.454053
0.454053
0.454053
0.454053
0.454053
0.454053
0.454053
0.454053
0.454053
0.454053
0.454053
0.454053
0.454053
0.454053
0.454053
0.454053
0.454053
0.454053
0.454053
0.454053
0.454053
0.454053
0.454053
0.454053
0.454053
0.454053
0.454053
0.454053
0.454053
0.454053
0.454053
0.454053
0.454053
0.454053
0.454053
0.454053
0.454053
0.454053
0.454053
0.454053
0.454053
0.454053
0.454053
0.454053
0.454053
0.454053
0.454053
0.454053
0.454053
0.454053
0.454053
0.454053
0.454053
0.454053
0.454053
0.454053
0.454053
0.454053
0.454053
0.454053
0.454053
0.454053
0.454053
0.454053
0.454053
0.454053
0.454053
0.454053
0.454053
0.454053
0.454053
0.454053
0.454053
0.454053
0.454053
0.454053
0.454053
0.454053
0.454053
0.454053
0.454053
0.454053
0.454053
0.454053
0.454053
0.454053
0.454053
0.454053
0.454053
0.454053
0.454053
0.454053
0.454053
0.454053
0.454053
0.454053
0.454053
0.454053
0.454053
0.454053
0.454053
0.454053
0.454053
0.454053
0.454053
0.454053
0.454053
0.454053
0.454053
0.454053
0.454053
0.454053
0.454053
0.454053
0.454053
0.454053
0.454053
0.454053
0.454053
0.454053
0.454053
0.454053
0.454053
0.454053
0.454053
0.454053
0.454053
0.454053
0.454053
0.454053
0.454053
0.454053
0.454053
0.454053
0.454053
0.454053
0.454053
0.454053
0.454053
0.454053
0.454053
0.454053
0.454053
0.454053
0.454053
0.454053
0.454053
0.454053
0.454053
0.454053
0.454053
0.454053
0.454053
0.454053
0.454053
0.454053
0.454053
0.454053
0.454053
0.454053
0.454053
0.454053
0.454053
0.454053
0.454053
0.454053
0.454053
0.454053
0.454053
0.454053
0.454053
0.454053
0.454053
0.454053
0.454053
0.454053
0.454053
0.454053
0.454053
0.454053
0.454053
0.454053
0.454053
0.454053
0.454053
0.454053
0.454053
0.454053
0.454053
0.454053
0.454053
0.454053
0.454053
0.454053
0.454053
0.454053
0.454053
0.454053
0.454053
0.454053
0.454053
0.454053
0.454053
0.454053
0.454053
0.454053
0.454053
0.454053
0.454053
0.454053
0.454053
0.454053
0.454053
0.454053
0.454053
0.454053
0.454053
0.454053
0.454053
0.454053
0.454053
0.454053
0.454053
0.454053
0.454053
0.454053
0.454053
0.454053
0.454053
0.454053
0.454053
0.454053
0.454053
0.454053
0.454053
0.454053
0.454053
0.454053
0.454053
0.454053
0.454053
0.454053
0.454053
0.454053
0.454053
0.454053
0.454053
0.454053
0.454053
0.454053
0.454053
0.454053
0.454053
0.454053
0.454053
0.454053
0.454053
0.454053
0.454053
0.454053
0.454053
0.454053
0.454053
0.454053
0.454053
0.454053
0.454053
0.454053
0.454053
0.454053
0.454053
0.454053
0.454053
0.454053
0.454053
0.454053
0.454053
0.454053
0.454053
0.454053
0.454053
0.454053
0.454053
0.454053
0.454053
0.454053
0.454053
0.454053
0.454053
0.454053
0.454053
0.454053
0.454053
0.454053
0.454053
0.454053
0.454053
0.454053
0.454053
0.454053
0.454053
0.454053
0.454053
0.454053
0.454053
0.454053
0.454053
0.454053
0.454053
0.454053
0.454053
0.454053
0.454053
0.454053
0.454053
0.454053
0.454053
0.454053
0.454053
0.454053
0.454053
0.454053
0.454053
0.454053
0.454053
0.454053
0.454053
0.454053
0.454053
0.454053
0.454053
0.454053
0.454053
0.454053
0.454053
0.454053
0.454053
0.454053
0.454053
0.454053
0.454053
0.454053
0.454053
0.454053
0.454053
0.454053
0.454053
0.454053
0.454053
0.454053
0.454053
0.454053
0.454053
0.454053
0.454053
0.454053
0.454053
0.454053
0.454053
0.454053
0.454053
0.454053
0.454053
0.454053
0.454053
0.454053
0.454053
0.454053
0.454053
0.454053
0.454053
0.454053
0.454053
0.454053
0.454053
0.454053
0.454053
0.454053
0.454053
0.454053
0.454053
0.454053
0.454053
0.454053
0.454053
0.454053
0.454053
0.454053
0.454053
0.454053
0.454053
0.454053
0.454053
0.454053
0.454053
0.454053
0.454053
0.454053
0.454053
0.454053
0.454053
0.454053
0.454053
0.454053
0.454053
0.454053
0.454053
0.454053
0.454053
0.454053
0.454053
0.454053
0.454053
0.454053
0.454053
0.454053
0.454053
0.454053
0.454053
0.454053
0.454053
0.454053
0.454053
0.454053
0.454053
0.454053
0.454053
0.454053
0.454053
0.454053
0.454053
0.454053
0.454053
0.454053
0.454053
0.454053
0.454053
0.454053
0.454053
0.454053
0.454053
0.454053
0.454053
0.454053
0.454053
0.454053
0.454053
0.454053
0.454053
0.454053
0.454053
0.454053
0.454053
0.454053
0.454053
0.454053
0.454053
0.454053
0.454053
0.454053
0.454053
0.454053
0.454053
0.454053
0.454053
0.454053
0.454053
0.454053
0.454053
0.454053
0.454053
0.454053
0.454053
0.454053
0.454053
0.454053
0.454053
0.454053
0.454053
0.454053
0.454053
0.454053
0.454053
0.454053
0.454053
0.454053
0.454053
0.454053
0.454053
0.454053
0.454053
0.454053
0.454053
0.454053
0.454053
0.454053
0.454053
0.454053
0.454053
0.454053
0.454053
0.454053
0.454053
0.454053
0.454053
0.454053
0.454053
0.454053
0.454053
0.454053
0.454053
0.454053
0.454053
0.454053
0.454053
0.454053
0.454053
0.454053
0.454053
0.454053
0.454053
0.454053
0.454053
0.454053
0.454053
0.454053
0.454053
0.454053
0.454053
0.454053
0.454053
0.454053
0.454053
0.454053
0.454053
0.454053
0.454053
0.454053
0.454053
0.454053
0.454053
0.454053
0.454053
0.454053
0.454053
0.454053
0.454053
0.454053
0.454053
0.454053
0.454053
0.454053
0.454053
0.454053
0.454053
0.454053
0.454053
0.454053
0.454053
0.454053
0.454052
0.454052
0.454052
0.454052
0.454052
0.454052
0.454052
0.454052
0.454052
0.454052
0.454051
0.454051
0.454051
0.454051
0.45405
0.45405
0.45405
0.454049
0.454049
0.454048
0.454048
0.454047
0.454046
0.454045
0.454044
0.454043
0.454042
0.454041
0.454039
0.454038
0.454036
0.454034
0.454032
0.454029
0.454026
0.454023
0.45402
0.454016
0.454011
0.454006
0.454001
0.453995
0.453989
0.453981
0.453973
0.453964
0.453955
0.453944
0.453932
0.453918
0.453904
0.453888
0.45387
0.453851
0.453829
0.453806
0.45378
0.453752
0.453721
0.453687
0.45365
0.453609
0.453565
0.453517
0.453464
0.453406
0.453343
0.453274
0.4532
0.453119
0.45303
0.452935
0.452831
0.452718
0.452595
0.452463
0.452319
0.452164
0.451997
0.451815
0.45162
0.451409
0.451182
0.450937
0.450673
0.45039
0.450085
0.449758
0.449407
0.44903
0.448626
0.448194
0.447731
0.447237
0.446708
0.446143
0.445541
0.444899
0.444214
0.443486
0.442711
0.441886
0.441011
0.440081
0.439095
0.43805
0.436943
0.435771
0.434531
0.433221
0.431837
0.430377
0.428838
0.427215
0.425507
0.42371
0.42182
0.419835
0.417751
0.415566
0.413275
0.410876
0.408365
0.40574
0.402997
0.400133
0.397145
0.394031
0.390788
0.387413
0.383903
0.380256
0.376471
0.372544
0.368474
0.364259
0.359898
0.35539
0.350733
0.345927
0.340971
0.335865
0.33061
0.325205
0.319652
0.313951
0.308105
0.302114
0.295982
0.289711
0.283305
0.276783
0.270238
0.263448
0.256537
0.24951
0.242373
0.235131
0.227792
0.220362
0.21285
0.205264
0.197612
0.189904
0.182149
0.174357
0.166541
0.158711
0.15088
0.143063
0.135273
0.127526
0.119839
0.112232
0.104724
0.0973396
0.0901035
0.0830446
0.0761957
0.0695937
0.0632807
0.0573046
)
;

boundaryField
{
    fixedWall
    {
        type            calculated;
        value           uniform 0.454053;
    }
    outlet
    {
        type            calculated;
        value           uniform 0.054513;
    }
    defaultFaces
    {
        type            empty;
    }
}


// ************************************************************************* //
