/*--------------------------------*- C++ -*----------------------------------*\
| =========                 |                                                 |
| \\      /  F ield         | OpenFOAM: The Open Source CFD Toolbox           |
|  \\    /   O peration     | Version:  2406                                  |
|   \\  /    A nd           | Website:  www.openfoam.com                      |
|    \\/     M anipulation  |                                                 |
\*---------------------------------------------------------------------------*/
FoamFile
{
    version     2.0;
    format      ascii;
    arch        "LSB;label=32;scalar=64";
    class       volScalarField;
    location    "8.8";
    object      CH4;
}
// * * * * * * * * * * * * * * * * * * * * * * * * * * * * * * * * * * * * * //

dimensions      [0 0 0 0 0 0 0];

internalField   nonuniform List<scalar> 
1000
(
0.422576
0.422576
0.422576
0.422576
0.422576
0.422576
0.422576
0.422576
0.422576
0.422576
0.422576
0.422576
0.422576
0.422576
0.422576
0.422576
0.422576
0.422576
0.422576
0.422576
0.422576
0.422576
0.422576
0.422576
0.422576
0.422576
0.422576
0.422576
0.422576
0.422576
0.422576
0.422576
0.422576
0.422576
0.422576
0.422576
0.422576
0.422576
0.422576
0.422576
0.422576
0.422576
0.422576
0.422576
0.422576
0.422576
0.422576
0.422576
0.422576
0.422576
0.422576
0.422576
0.422576
0.422576
0.422576
0.422576
0.422576
0.422576
0.422576
0.422576
0.422576
0.422576
0.422576
0.422576
0.422576
0.422576
0.422576
0.422576
0.422576
0.422576
0.422576
0.422576
0.422576
0.422576
0.422576
0.422576
0.422576
0.422576
0.422576
0.422576
0.422576
0.422576
0.422576
0.422576
0.422576
0.422576
0.422576
0.422576
0.422576
0.422576
0.422576
0.422576
0.422576
0.422576
0.422576
0.422576
0.422576
0.422576
0.422576
0.422576
0.422576
0.422576
0.422576
0.422576
0.422576
0.422576
0.422576
0.422576
0.422576
0.422576
0.422576
0.422576
0.422576
0.422576
0.422576
0.422576
0.422576
0.422576
0.422576
0.422576
0.422576
0.422576
0.422576
0.422576
0.422576
0.422576
0.422576
0.422576
0.422576
0.422576
0.422576
0.422576
0.422576
0.422576
0.422576
0.422576
0.422576
0.422576
0.422576
0.422576
0.422576
0.422576
0.422576
0.422576
0.422576
0.422576
0.422576
0.422576
0.422576
0.422576
0.422576
0.422576
0.422576
0.422576
0.422576
0.422576
0.422576
0.422576
0.422576
0.422576
0.422576
0.422576
0.422576
0.422576
0.422576
0.422576
0.422576
0.422576
0.422576
0.422576
0.422576
0.422576
0.422576
0.422576
0.422576
0.422576
0.422576
0.422576
0.422576
0.422576
0.422576
0.422576
0.422576
0.422576
0.422576
0.422576
0.422576
0.422576
0.422576
0.422576
0.422576
0.422576
0.422576
0.422576
0.422576
0.422576
0.422576
0.422576
0.422576
0.422576
0.422576
0.422576
0.422576
0.422576
0.422576
0.422576
0.422576
0.422576
0.422576
0.422576
0.422576
0.422576
0.422576
0.422576
0.422576
0.422576
0.422576
0.422576
0.422576
0.422576
0.422576
0.422576
0.422576
0.422576
0.422576
0.422576
0.422576
0.422576
0.422576
0.422576
0.422576
0.422576
0.422576
0.422576
0.422576
0.422576
0.422576
0.422576
0.422576
0.422576
0.422576
0.422576
0.422576
0.422576
0.422576
0.422576
0.422576
0.422576
0.422576
0.422576
0.422576
0.422576
0.422576
0.422576
0.422576
0.422576
0.422576
0.422576
0.422576
0.422576
0.422576
0.422576
0.422576
0.422576
0.422576
0.422576
0.422576
0.422576
0.422576
0.422576
0.422576
0.422576
0.422576
0.422576
0.422576
0.422576
0.422576
0.422576
0.422576
0.422576
0.422576
0.422576
0.422576
0.422576
0.422576
0.422576
0.422576
0.422576
0.422576
0.422576
0.422576
0.422576
0.422576
0.422576
0.422576
0.422576
0.422576
0.422576
0.422576
0.422576
0.422576
0.422576
0.422576
0.422576
0.422576
0.422576
0.422576
0.422576
0.422576
0.422576
0.422576
0.422576
0.422576
0.422576
0.422576
0.422576
0.422576
0.422576
0.422576
0.422576
0.422576
0.422576
0.422576
0.422576
0.422576
0.422576
0.422576
0.422576
0.422576
0.422576
0.422576
0.422576
0.422576
0.422576
0.422576
0.422576
0.422576
0.422576
0.422576
0.422576
0.422576
0.422576
0.422576
0.422576
0.422576
0.422576
0.422576
0.422576
0.422576
0.422576
0.422576
0.422576
0.422576
0.422576
0.422576
0.422576
0.422576
0.422576
0.422576
0.422576
0.422576
0.422576
0.422576
0.422576
0.422576
0.422576
0.422576
0.422576
0.422576
0.422576
0.422576
0.422576
0.422576
0.422576
0.422576
0.422576
0.422576
0.422576
0.422576
0.422576
0.422576
0.422576
0.422576
0.422576
0.422576
0.422576
0.422576
0.422576
0.422576
0.422576
0.422576
0.422576
0.422576
0.422576
0.422576
0.422576
0.422576
0.422576
0.422576
0.422576
0.422576
0.422576
0.422576
0.422576
0.422576
0.422576
0.422576
0.422576
0.422576
0.422576
0.422576
0.422576
0.422576
0.422576
0.422576
0.422576
0.422576
0.422576
0.422576
0.422576
0.422576
0.422576
0.422576
0.422576
0.422576
0.422576
0.422576
0.422576
0.422576
0.422576
0.422576
0.422576
0.422576
0.422576
0.422576
0.422576
0.422576
0.422576
0.422576
0.422576
0.422576
0.422576
0.422576
0.422576
0.422576
0.422576
0.422576
0.422576
0.422576
0.422576
0.422576
0.422576
0.422576
0.422576
0.422576
0.422576
0.422576
0.422576
0.422576
0.422576
0.422576
0.422576
0.422576
0.422576
0.422576
0.422576
0.422576
0.422576
0.422576
0.422576
0.422576
0.422576
0.422576
0.422576
0.422576
0.422576
0.422576
0.422576
0.422576
0.422576
0.422576
0.422576
0.422576
0.422576
0.422576
0.422576
0.422576
0.422576
0.422576
0.422576
0.422576
0.422576
0.422576
0.422576
0.422576
0.422576
0.422576
0.422576
0.422576
0.422576
0.422576
0.422576
0.422576
0.422576
0.422576
0.422576
0.422576
0.422576
0.422576
0.422576
0.422576
0.422576
0.422576
0.422576
0.422576
0.422576
0.422576
0.422576
0.422576
0.422576
0.422576
0.422576
0.422576
0.422576
0.422576
0.422576
0.422576
0.422576
0.422576
0.422576
0.422576
0.422576
0.422576
0.422576
0.422576
0.422576
0.422576
0.422576
0.422576
0.422576
0.422576
0.422576
0.422576
0.422576
0.422576
0.422576
0.422576
0.422576
0.422576
0.422576
0.422576
0.422576
0.422576
0.422576
0.422576
0.422576
0.422576
0.422576
0.422576
0.422576
0.422576
0.422576
0.422576
0.422576
0.422576
0.422576
0.422576
0.422576
0.422576
0.422576
0.422576
0.422576
0.422576
0.422576
0.422576
0.422576
0.422576
0.422576
0.422576
0.422576
0.422576
0.422576
0.422576
0.422576
0.422576
0.422576
0.422576
0.422576
0.422576
0.422576
0.422576
0.422576
0.422576
0.422576
0.422576
0.422576
0.422576
0.422576
0.422576
0.422576
0.422576
0.422576
0.422576
0.422576
0.422576
0.422576
0.422576
0.422576
0.422576
0.422576
0.422576
0.422576
0.422576
0.422576
0.422576
0.422576
0.422576
0.422576
0.422576
0.422576
0.422576
0.422576
0.422576
0.422576
0.422576
0.422576
0.422576
0.422576
0.422576
0.422576
0.422576
0.422576
0.422576
0.422576
0.422576
0.422576
0.422576
0.422576
0.422576
0.422576
0.422576
0.422576
0.422576
0.422576
0.422576
0.422576
0.422576
0.422576
0.422576
0.422576
0.422576
0.422576
0.422576
0.422576
0.422576
0.422576
0.422576
0.422576
0.422576
0.422576
0.422576
0.422576
0.422576
0.422576
0.422576
0.422576
0.422576
0.422576
0.422576
0.422576
0.422576
0.422576
0.422576
0.422576
0.422576
0.422576
0.422576
0.422576
0.422576
0.422576
0.422576
0.422576
0.422576
0.422576
0.422576
0.422576
0.422576
0.422576
0.422576
0.422576
0.422576
0.422576
0.422576
0.422576
0.422576
0.422576
0.422576
0.422576
0.422576
0.422576
0.422576
0.422576
0.422576
0.422576
0.422576
0.422576
0.422576
0.422576
0.422576
0.422576
0.422576
0.422576
0.422576
0.422576
0.422576
0.422576
0.422576
0.422576
0.422576
0.422576
0.422576
0.422576
0.422576
0.422576
0.422576
0.422576
0.422576
0.422576
0.422576
0.422576
0.422576
0.422576
0.422576
0.422576
0.422576
0.422576
0.422576
0.422576
0.422576
0.422576
0.422576
0.422576
0.422576
0.422576
0.422576
0.422576
0.422576
0.422576
0.422576
0.422576
0.422576
0.422576
0.422576
0.422576
0.422576
0.422576
0.422576
0.422576
0.422576
0.422576
0.422576
0.422576
0.422576
0.422576
0.422576
0.422576
0.422576
0.422576
0.422576
0.422576
0.422576
0.422576
0.422576
0.422576
0.422576
0.422576
0.422576
0.422576
0.422576
0.422576
0.422576
0.422576
0.422576
0.422576
0.422576
0.422576
0.422576
0.422576
0.422576
0.422576
0.422576
0.422576
0.422576
0.422576
0.422576
0.422576
0.422576
0.422576
0.422576
0.422576
0.422576
0.422576
0.422576
0.422576
0.422576
0.422576
0.422576
0.422576
0.422576
0.422576
0.422576
0.422576
0.422576
0.422576
0.422576
0.422576
0.422576
0.422576
0.422576
0.422576
0.422576
0.422576
0.422576
0.422576
0.422576
0.422576
0.422576
0.422576
0.422576
0.422576
0.422576
0.422576
0.422576
0.422576
0.422576
0.422576
0.422576
0.422576
0.422576
0.422576
0.422576
0.422576
0.422576
0.422576
0.422576
0.422576
0.422576
0.422576
0.422576
0.422576
0.422576
0.422575
0.422575
0.422575
0.422575
0.422575
0.422575
0.422575
0.422575
0.422574
0.422574
0.422574
0.422573
0.422573
0.422573
0.422572
0.422571
0.422571
0.42257
0.422569
0.422568
0.422567
0.422565
0.422564
0.422562
0.42256
0.422557
0.422555
0.422551
0.422548
0.422544
0.422539
0.422534
0.422528
0.422522
0.422514
0.422506
0.422496
0.422485
0.422473
0.422459
0.422443
0.422426
0.422406
0.422384
0.422359
0.422332
0.4223
0.422266
0.422227
0.422183
0.422135
0.422081
0.422021
0.421954
0.42188
0.421798
0.421707
0.421605
0.421493
0.42137
0.421233
0.421082
0.420916
0.420733
0.420532
0.420311
0.420068
0.419801
0.41951
0.41919
0.418841
0.41846
0.418044
0.41759
0.417096
0.416559
0.415975
0.415342
0.414655
0.413911
0.413106
0.412235
0.411296
0.410282
0.40919
0.408015
0.406752
0.405395
0.403939
0.402379
0.400709
0.398923
0.397016
0.394981
0.392812
0.390503
0.388047
0.385439
0.382671
0.379738
0.376633
0.37335
0.369882
0.366224
0.362369
0.358312
0.354047
0.349569
0.344873
0.339954
0.334807
0.32943
0.323818
0.317969
0.31188
0.30555
0.298978
0.292163
0.285106
0.277807
0.270269
0.262495
0.254487
0.246251
0.23787
0.229375
0.22049
0.211408
0.202137
0.192687
0.183069
0.173295
0.163382
0.153342
0.143195
0.132957
0.122649
0.112291
0.101907
0.0915228
0.0811649
0.0708645
0.0606557
0.0505774
0.0406742
0.0309978
0.0216097
0.0125831
0.00400679
)
;

boundaryField
{
    fixedWall
    {
        type            zeroGradient;
    }
    outlet
    {
        type            inletOutlet;
        inletValue      uniform 0;
        value           uniform 0;
    }
    defaultFaces
    {
        type            empty;
    }
}


// ************************************************************************* //
