/*--------------------------------*- C++ -*----------------------------------*\
| =========                 |                                                 |
| \\      /  F ield         | OpenFOAM: The Open Source CFD Toolbox           |
|  \\    /   O peration     | Version:  2406                                  |
|   \\  /    A nd           | Website:  www.openfoam.com                      |
|    \\/     M anipulation  |                                                 |
\*---------------------------------------------------------------------------*/
FoamFile
{
    version     2.0;
    format      ascii;
    arch        "LSB;label=32;scalar=64";
    class       volScalarField;
    location    "8.8";
    object      H2O;
}
// * * * * * * * * * * * * * * * * * * * * * * * * * * * * * * * * * * * * * //

dimensions      [0 0 0 0 0 0 0];

internalField   nonuniform List<scalar> 
1000
(
0.0580665
0.0580665
0.0580665
0.0580665
0.0580665
0.0580665
0.0580665
0.0580665
0.0580665
0.0580665
0.0580665
0.0580666
0.0580666
0.0580666
0.0580666
0.0580666
0.0580666
0.0580666
0.0580666
0.0580666
0.0580666
0.0580666
0.0580666
0.0580666
0.0580667
0.0580667
0.0580667
0.0580667
0.0580667
0.0580667
0.0580667
0.0580667
0.0580667
0.0580667
0.0580667
0.0580668
0.0580668
0.0580668
0.0580668
0.0580668
0.0580668
0.0580668
0.0580668
0.0580668
0.0580668
0.0580668
0.0580668
0.0580669
0.0580669
0.0580669
0.0580669
0.0580669
0.0580669
0.0580669
0.0580669
0.0580669
0.0580669
0.0580669
0.0580669
0.0580669
0.0580669
0.0580669
0.0580669
0.0580669
0.058067
0.058067
0.058067
0.058067
0.058067
0.058067
0.058067
0.058067
0.058067
0.058067
0.058067
0.058067
0.058067
0.058067
0.058067
0.058067
0.058067
0.058067
0.058067
0.058067
0.058067
0.058067
0.058067
0.058067
0.058067
0.058067
0.058067
0.058067
0.058067
0.058067
0.058067
0.058067
0.058067
0.058067
0.058067
0.058067
0.058067
0.058067
0.058067
0.058067
0.058067
0.058067
0.058067
0.058067
0.058067
0.058067
0.058067
0.058067
0.058067
0.058067
0.0580671
0.0580671
0.0580671
0.0580671
0.0580671
0.0580671
0.0580671
0.0580671
0.0580671
0.0580671
0.0580671
0.0580671
0.0580671
0.0580671
0.0580671
0.0580671
0.0580671
0.0580671
0.0580671
0.0580671
0.0580671
0.0580671
0.0580671
0.0580671
0.0580671
0.0580671
0.0580671
0.0580671
0.0580671
0.0580671
0.0580671
0.0580671
0.0580671
0.0580671
0.0580671
0.0580671
0.0580671
0.0580671
0.0580671
0.0580671
0.0580671
0.0580671
0.0580671
0.0580671
0.0580671
0.0580671
0.0580671
0.0580671
0.0580671
0.0580671
0.0580671
0.0580671
0.0580671
0.0580671
0.0580671
0.0580671
0.0580671
0.0580671
0.0580671
0.0580671
0.0580671
0.0580671
0.0580671
0.0580671
0.0580671
0.0580671
0.0580671
0.0580671
0.0580671
0.0580671
0.0580671
0.0580671
0.0580671
0.0580671
0.0580671
0.0580671
0.0580671
0.0580671
0.0580671
0.0580671
0.0580671
0.0580671
0.0580671
0.0580671
0.0580671
0.0580671
0.0580671
0.0580671
0.0580671
0.0580671
0.0580671
0.0580671
0.0580671
0.058067
0.058067
0.058067
0.058067
0.058067
0.058067
0.058067
0.058067
0.058067
0.058067
0.058067
0.058067
0.058067
0.058067
0.058067
0.058067
0.058067
0.058067
0.058067
0.058067
0.058067
0.058067
0.058067
0.058067
0.058067
0.058067
0.058067
0.058067
0.058067
0.058067
0.058067
0.058067
0.058067
0.058067
0.058067
0.058067
0.058067
0.058067
0.058067
0.058067
0.058067
0.058067
0.058067
0.058067
0.058067
0.058067
0.058067
0.058067
0.058067
0.058067
0.058067
0.058067
0.058067
0.058067
0.058067
0.058067
0.058067
0.058067
0.058067
0.058067
0.058067
0.058067
0.058067
0.058067
0.058067
0.058067
0.058067
0.058067
0.058067
0.058067
0.058067
0.058067
0.058067
0.058067
0.058067
0.058067
0.058067
0.058067
0.058067
0.058067
0.058067
0.058067
0.058067
0.058067
0.058067
0.058067
0.058067
0.058067
0.058067
0.058067
0.058067
0.058067
0.058067
0.058067
0.058067
0.058067
0.058067
0.058067
0.058067
0.058067
0.058067
0.058067
0.058067
0.058067
0.058067
0.058067
0.058067
0.058067
0.058067
0.058067
0.058067
0.058067
0.058067
0.058067
0.058067
0.058067
0.058067
0.058067
0.058067
0.058067
0.058067
0.058067
0.058067
0.058067
0.058067
0.058067
0.058067
0.058067
0.058067
0.058067
0.058067
0.058067
0.058067
0.058067
0.058067
0.058067
0.058067
0.058067
0.058067
0.058067
0.058067
0.058067
0.058067
0.058067
0.058067
0.058067
0.058067
0.058067
0.058067
0.058067
0.058067
0.058067
0.058067
0.058067
0.058067
0.058067
0.058067
0.058067
0.058067
0.058067
0.058067
0.058067
0.058067
0.058067
0.058067
0.058067
0.058067
0.058067
0.058067
0.058067
0.058067
0.058067
0.058067
0.058067
0.058067
0.058067
0.058067
0.058067
0.058067
0.058067
0.058067
0.058067
0.058067
0.058067
0.058067
0.058067
0.058067
0.058067
0.058067
0.058067
0.058067
0.058067
0.058067
0.058067
0.058067
0.058067
0.058067
0.058067
0.058067
0.058067
0.058067
0.058067
0.058067
0.058067
0.058067
0.058067
0.058067
0.058067
0.058067
0.058067
0.058067
0.058067
0.058067
0.058067
0.058067
0.058067
0.058067
0.058067
0.058067
0.058067
0.058067
0.058067
0.058067
0.058067
0.058067
0.058067
0.058067
0.058067
0.058067
0.058067
0.058067
0.058067
0.058067
0.058067
0.058067
0.058067
0.058067
0.058067
0.058067
0.058067
0.058067
0.058067
0.058067
0.058067
0.058067
0.058067
0.058067
0.058067
0.058067
0.058067
0.058067
0.058067
0.058067
0.058067
0.058067
0.058067
0.058067
0.058067
0.058067
0.058067
0.058067
0.058067
0.058067
0.058067
0.058067
0.058067
0.058067
0.058067
0.058067
0.058067
0.058067
0.058067
0.058067
0.058067
0.058067
0.058067
0.058067
0.058067
0.058067
0.058067
0.058067
0.058067
0.058067
0.058067
0.058067
0.058067
0.058067
0.058067
0.058067
0.058067
0.058067
0.058067
0.058067
0.058067
0.058067
0.058067
0.058067
0.058067
0.058067
0.058067
0.058067
0.058067
0.058067
0.058067
0.058067
0.058067
0.058067
0.058067
0.058067
0.058067
0.058067
0.058067
0.058067
0.058067
0.058067
0.058067
0.058067
0.058067
0.058067
0.058067
0.058067
0.058067
0.058067
0.058067
0.058067
0.058067
0.058067
0.058067
0.058067
0.058067
0.058067
0.058067
0.058067
0.058067
0.058067
0.058067
0.058067
0.058067
0.058067
0.058067
0.058067
0.058067
0.058067
0.058067
0.058067
0.058067
0.058067
0.058067
0.058067
0.058067
0.058067
0.058067
0.058067
0.058067
0.058067
0.058067
0.058067
0.058067
0.058067
0.058067
0.058067
0.058067
0.058067
0.058067
0.058067
0.058067
0.058067
0.058067
0.058067
0.058067
0.058067
0.058067
0.058067
0.058067
0.058067
0.058067
0.058067
0.058067
0.058067
0.058067
0.058067
0.058067
0.058067
0.058067
0.058067
0.058067
0.058067
0.058067
0.058067
0.058067
0.058067
0.058067
0.058067
0.058067
0.058067
0.058067
0.058067
0.058067
0.058067
0.058067
0.058067
0.058067
0.058067
0.058067
0.058067
0.058067
0.058067
0.058067
0.058067
0.058067
0.058067
0.058067
0.058067
0.058067
0.058067
0.058067
0.058067
0.058067
0.058067
0.058067
0.058067
0.058067
0.058067
0.058067
0.058067
0.058067
0.058067
0.058067
0.058067
0.058067
0.058067
0.058067
0.058067
0.058067
0.058067
0.058067
0.058067
0.058067
0.058067
0.058067
0.058067
0.058067
0.058067
0.058067
0.058067
0.058067
0.058067
0.058067
0.058067
0.058067
0.058067
0.058067
0.058067
0.058067
0.058067
0.058067
0.058067
0.058067
0.058067
0.058067
0.058067
0.058067
0.058067
0.058067
0.058067
0.058067
0.058067
0.058067
0.058067
0.058067
0.058067
0.058067
0.058067
0.058067
0.058067
0.058067
0.058067
0.058067
0.058067
0.058067
0.058067
0.058067
0.058067
0.058067
0.058067
0.058067
0.058067
0.058067
0.058067
0.058067
0.058067
0.058067
0.058067
0.058067
0.058067
0.058067
0.058067
0.058067
0.058067
0.058067
0.058067
0.058067
0.058067
0.058067
0.058067
0.058067
0.058067
0.058067
0.058067
0.058067
0.058067
0.0580669
0.0580669
0.0580669
0.0580669
0.0580669
0.0580669
0.0580669
0.0580669
0.0580669
0.0580669
0.0580669
0.0580669
0.0580669
0.0580669
0.0580669
0.0580669
0.0580669
0.0580669
0.0580669
0.0580669
0.0580669
0.0580669
0.0580669
0.0580669
0.0580669
0.0580669
0.0580669
0.0580669
0.0580669
0.0580669
0.0580669
0.0580669
0.0580669
0.0580669
0.0580669
0.0580669
0.0580669
0.0580669
0.0580669
0.0580669
0.0580669
0.0580669
0.0580669
0.0580669
0.0580669
0.0580669
0.0580669
0.0580669
0.0580669
0.0580669
0.0580669
0.0580669
0.0580669
0.0580669
0.0580669
0.0580669
0.0580669
0.0580669
0.0580669
0.0580669
0.0580669
0.0580669
0.0580669
0.0580669
0.0580669
0.0580669
0.0580669
0.0580669
0.0580669
0.0580669
0.0580669
0.0580669
0.0580669
0.0580669
0.0580669
0.0580669
0.0580669
0.0580669
0.0580669
0.0580669
0.0580669
0.0580669
0.0580669
0.0580669
0.0580669
0.0580669
0.0580669
0.0580669
0.0580669
0.0580669
0.0580669
0.0580669
0.0580669
0.0580669
0.0580669
0.0580669
0.0580669
0.0580669
0.0580669
0.0580669
0.0580669
0.0580669
0.0580669
0.0580669
0.0580669
0.0580669
0.0580669
0.0580669
0.0580669
0.0580669
0.0580669
0.0580669
0.0580669
0.0580669
0.0580669
0.0580669
0.0580669
0.0580669
0.0580669
0.0580669
0.0580669
0.0580669
0.0580669
0.0580669
0.0580669
0.0580669
0.0580669
0.0580669
0.0580669
0.0580669
0.0580669
0.0580668
0.0580668
0.0580668
0.0580668
0.0580668
0.0580668
0.0580668
0.0580668
0.0580667
0.0580667
0.0580667
0.0580666
0.0580666
0.0580665
0.0580665
0.0580664
0.0580663
0.0580663
0.0580662
0.0580661
0.0580659
0.0580658
0.0580656
0.0580654
0.0580652
0.0580649
0.0580647
0.0580643
0.0580639
0.0580635
0.058063
0.0580625
0.0580619
0.0580611
0.0580603
0.0580594
0.0580584
0.0580572
0.0580559
0.0580544
0.0580527
0.0580508
0.0580487
0.0580463
0.0580435
0.0580405
0.0580371
0.0580333
0.058029
0.0580242
0.0580189
0.0580129
0.0580063
0.0579989
0.0579906
0.0579814
0.0579712
0.0579599
0.0579474
0.0579335
0.0579181
0.0579011
0.0578823
0.0578616
0.0578388
0.0578136
0.0577859
0.0577555
0.0577222
0.0576856
0.0576455
0.0576016
0.0575536
0.0575012
0.057444
0.0573817
0.0573138
0.05724
0.0571598
0.0570727
0.0569783
0.056876
0.0567654
0.0566458
0.0565167
0.0563774
0.0562274
0.0560659
0.0558922
0.0557058
0.0555057
0.0552913
0.0550618
0.0548164
0.0545543
0.0542747
0.0539766
0.0536593
0.0533218
0.0529634
0.0525831
0.05218
0.0517533
0.0513022
0.0508256
0.0503229
0.0497932
0.0492357
0.0486496
0.0480342
0.0473888
0.0467129
0.0460056
0.0452667
0.0444955
0.0436918
0.0428551
0.0419852
0.0410821
0.0401456
0.0391758
0.0381728
0.037137
0.0360687
0.0349683
0.0338366
0.0326849
0.0315176
0.0302967
0.0290488
0.0277748
0.0264763
0.0251546
0.0238117
0.0224494
0.02107
0.0196756
0.0182689
0.0168524
0.0154292
0.0140024
0.0125755
0.0111523
0.00973699
0.00833426
0.00694947
0.00558873
0.00425917
0.00296922
0.00172894
0.000550541
)
;

boundaryField
{
    fixedWall
    {
        type            zeroGradient;
    }
    outlet
    {
        type            inletOutlet;
        inletValue      uniform 0;
        value           uniform 0;
    }
    defaultFaces
    {
        type            empty;
    }
}


// ************************************************************************* //
