/*--------------------------------*- C++ -*----------------------------------*\
| =========                 |                                                 |
| \\      /  F ield         | OpenFOAM: The Open Source CFD Toolbox           |
|  \\    /   O peration     | Version:  2406                                  |
|   \\  /    A nd           | Website:  www.openfoam.com                      |
|    \\/     M anipulation  |                                                 |
\*---------------------------------------------------------------------------*/
FoamFile
{
    version     2.0;
    format      ascii;
    arch        "LSB;label=32;scalar=64";
    class       volScalarField;
    location    "8.5";
    object      CH4;
}
// * * * * * * * * * * * * * * * * * * * * * * * * * * * * * * * * * * * * * //

dimensions      [0 0 0 0 0 0 0];

internalField   nonuniform List<scalar> 
1000
(
0.422576
0.422576
0.422576
0.422576
0.422576
0.422576
0.422576
0.422576
0.422576
0.422576
0.422576
0.422576
0.422576
0.422576
0.422576
0.422576
0.422576
0.422576
0.422576
0.422576
0.422576
0.422576
0.422576
0.422576
0.422576
0.422576
0.422576
0.422576
0.422576
0.422576
0.422576
0.422576
0.422576
0.422576
0.422576
0.422576
0.422576
0.422576
0.422576
0.422576
0.422576
0.422576
0.422576
0.422576
0.422576
0.422576
0.422576
0.422576
0.422576
0.422576
0.422576
0.422576
0.422576
0.422576
0.422576
0.422576
0.422576
0.422576
0.422576
0.422576
0.422576
0.422576
0.422576
0.422576
0.422576
0.422576
0.422576
0.422576
0.422576
0.422576
0.422576
0.422576
0.422576
0.422576
0.422576
0.422576
0.422576
0.422576
0.422576
0.422576
0.422576
0.422576
0.422576
0.422576
0.422576
0.422576
0.422576
0.422576
0.422576
0.422576
0.422576
0.422576
0.422576
0.422576
0.422576
0.422576
0.422576
0.422576
0.422576
0.422576
0.422576
0.422576
0.422576
0.422576
0.422576
0.422576
0.422576
0.422576
0.422576
0.422576
0.422576
0.422576
0.422576
0.422576
0.422576
0.422576
0.422576
0.422576
0.422576
0.422576
0.422576
0.422576
0.422576
0.422576
0.422576
0.422576
0.422576
0.422576
0.422576
0.422576
0.422576
0.422576
0.422576
0.422576
0.422576
0.422576
0.422576
0.422576
0.422576
0.422576
0.422576
0.422576
0.422576
0.422576
0.422576
0.422576
0.422576
0.422576
0.422576
0.422576
0.422576
0.422576
0.422576
0.422576
0.422576
0.422576
0.422576
0.422576
0.422576
0.422576
0.422576
0.422576
0.422576
0.422576
0.422576
0.422576
0.422576
0.422576
0.422576
0.422576
0.422576
0.422576
0.422576
0.422576
0.422576
0.422576
0.422576
0.422576
0.422576
0.422576
0.422576
0.422576
0.422576
0.422576
0.422576
0.422576
0.422576
0.422576
0.422576
0.422576
0.422576
0.422576
0.422576
0.422576
0.422576
0.422576
0.422576
0.422576
0.422576
0.422576
0.422576
0.422576
0.422576
0.422576
0.422576
0.422576
0.422576
0.422576
0.422576
0.422576
0.422576
0.422576
0.422576
0.422576
0.422576
0.422576
0.422576
0.422576
0.422576
0.422576
0.422576
0.422576
0.422576
0.422576
0.422576
0.422576
0.422576
0.422576
0.422576
0.422576
0.422576
0.422576
0.422576
0.422576
0.422576
0.422576
0.422576
0.422576
0.422576
0.422576
0.422576
0.422576
0.422576
0.422576
0.422576
0.422576
0.422576
0.422576
0.422576
0.422576
0.422576
0.422576
0.422576
0.422576
0.422576
0.422576
0.422576
0.422576
0.422576
0.422576
0.422576
0.422576
0.422576
0.422576
0.422576
0.422576
0.422576
0.422576
0.422576
0.422576
0.422576
0.422576
0.422576
0.422576
0.422576
0.422576
0.422576
0.422576
0.422576
0.422576
0.422576
0.422576
0.422576
0.422576
0.422576
0.422576
0.422576
0.422576
0.422576
0.422576
0.422576
0.422576
0.422576
0.422576
0.422576
0.422576
0.422576
0.422576
0.422576
0.422576
0.422576
0.422576
0.422576
0.422576
0.422576
0.422576
0.422576
0.422576
0.422576
0.422576
0.422576
0.422576
0.422576
0.422576
0.422576
0.422576
0.422576
0.422576
0.422576
0.422576
0.422576
0.422576
0.422576
0.422576
0.422576
0.422576
0.422576
0.422576
0.422576
0.422576
0.422576
0.422576
0.422576
0.422576
0.422576
0.422576
0.422576
0.422576
0.422576
0.422576
0.422576
0.422576
0.422576
0.422576
0.422576
0.422576
0.422576
0.422576
0.422576
0.422576
0.422576
0.422576
0.422576
0.422576
0.422576
0.422576
0.422576
0.422576
0.422576
0.422576
0.422576
0.422576
0.422576
0.422576
0.422576
0.422576
0.422576
0.422576
0.422576
0.422576
0.422576
0.422576
0.422576
0.422576
0.422576
0.422576
0.422576
0.422576
0.422576
0.422576
0.422576
0.422576
0.422576
0.422576
0.422576
0.422576
0.422576
0.422576
0.422576
0.422576
0.422576
0.422576
0.422576
0.422576
0.422576
0.422576
0.422576
0.422576
0.422576
0.422576
0.422576
0.422576
0.422576
0.422576
0.422576
0.422576
0.422576
0.422576
0.422576
0.422576
0.422576
0.422576
0.422576
0.422576
0.422576
0.422576
0.422576
0.422576
0.422576
0.422576
0.422576
0.422576
0.422576
0.422576
0.422576
0.422576
0.422576
0.422576
0.422576
0.422576
0.422576
0.422576
0.422576
0.422576
0.422576
0.422576
0.422576
0.422576
0.422576
0.422576
0.422576
0.422576
0.422576
0.422576
0.422576
0.422576
0.422576
0.422576
0.422576
0.422576
0.422576
0.422576
0.422576
0.422576
0.422576
0.422576
0.422576
0.422576
0.422576
0.422576
0.422576
0.422576
0.422576
0.422576
0.422576
0.422576
0.422576
0.422576
0.422576
0.422576
0.422576
0.422576
0.422576
0.422576
0.422576
0.422576
0.422576
0.422576
0.422576
0.422576
0.422576
0.422576
0.422576
0.422576
0.422576
0.422576
0.422576
0.422576
0.422576
0.422576
0.422576
0.422576
0.422576
0.422576
0.422576
0.422576
0.422576
0.422576
0.422576
0.422576
0.422576
0.422576
0.422576
0.422576
0.422576
0.422576
0.422576
0.422576
0.422576
0.422576
0.422576
0.422576
0.422576
0.422576
0.422576
0.422576
0.422576
0.422576
0.422576
0.422576
0.422576
0.422576
0.422576
0.422576
0.422576
0.422576
0.422576
0.422576
0.422576
0.422576
0.422576
0.422576
0.422576
0.422576
0.422576
0.422576
0.422576
0.422576
0.422576
0.422576
0.422576
0.422576
0.422576
0.422576
0.422576
0.422576
0.422576
0.422576
0.422576
0.422576
0.422576
0.422576
0.422576
0.422576
0.422576
0.422576
0.422576
0.422576
0.422576
0.422576
0.422576
0.422576
0.422576
0.422576
0.422576
0.422576
0.422576
0.422576
0.422576
0.422576
0.422576
0.422576
0.422576
0.422576
0.422576
0.422576
0.422576
0.422576
0.422576
0.422576
0.422576
0.422576
0.422576
0.422576
0.422576
0.422576
0.422576
0.422576
0.422576
0.422576
0.422576
0.422576
0.422576
0.422576
0.422576
0.422576
0.422576
0.422576
0.422576
0.422576
0.422576
0.422576
0.422576
0.422576
0.422576
0.422576
0.422576
0.422576
0.422576
0.422576
0.422576
0.422576
0.422576
0.422576
0.422576
0.422576
0.422576
0.422576
0.422576
0.422576
0.422576
0.422576
0.422576
0.422576
0.422576
0.422576
0.422576
0.422576
0.422576
0.422576
0.422576
0.422576
0.422576
0.422576
0.422576
0.422576
0.422576
0.422576
0.422576
0.422576
0.422576
0.422576
0.422576
0.422576
0.422576
0.422576
0.422576
0.422576
0.422576
0.422576
0.422576
0.422576
0.422576
0.422576
0.422576
0.422576
0.422576
0.422576
0.422576
0.422576
0.422576
0.422576
0.422576
0.422576
0.422576
0.422576
0.422576
0.422576
0.422576
0.422576
0.422576
0.422576
0.422576
0.422576
0.422576
0.422576
0.422576
0.422576
0.422576
0.422576
0.422576
0.422576
0.422576
0.422576
0.422576
0.422576
0.422576
0.422576
0.422576
0.422576
0.422576
0.422576
0.422576
0.422576
0.422576
0.422576
0.422576
0.422576
0.422576
0.422576
0.422576
0.422576
0.422576
0.422576
0.422576
0.422576
0.422576
0.422576
0.422576
0.422576
0.422576
0.422576
0.422576
0.422576
0.422576
0.422576
0.422576
0.422576
0.422576
0.422576
0.422576
0.422576
0.422576
0.422576
0.422576
0.422576
0.422576
0.422576
0.422576
0.422576
0.422576
0.422576
0.422576
0.422576
0.422576
0.422576
0.422576
0.422576
0.422576
0.422576
0.422576
0.422576
0.422576
0.422576
0.422576
0.422576
0.422576
0.422576
0.422576
0.422576
0.422576
0.422576
0.422576
0.422576
0.422576
0.422576
0.422576
0.422576
0.422576
0.422576
0.422576
0.422576
0.422576
0.422576
0.422576
0.422576
0.422576
0.422576
0.422576
0.422576
0.422576
0.422576
0.422576
0.422576
0.422576
0.422576
0.422576
0.422576
0.422576
0.422576
0.422576
0.422576
0.422576
0.422576
0.422576
0.422576
0.422576
0.422576
0.422576
0.422576
0.422576
0.422576
0.422576
0.422576
0.422576
0.422576
0.422576
0.422576
0.422576
0.422576
0.422576
0.422576
0.422576
0.422576
0.422576
0.422576
0.422576
0.422576
0.422576
0.422576
0.422576
0.422576
0.422576
0.422576
0.422576
0.422576
0.422576
0.422576
0.422576
0.422576
0.422576
0.422576
0.422576
0.422576
0.422576
0.422576
0.422576
0.422576
0.422576
0.422576
0.422576
0.422576
0.422576
0.422576
0.422576
0.422576
0.422576
0.422576
0.422576
0.422576
0.422576
0.422576
0.422576
0.422576
0.422576
0.422576
0.422576
0.422576
0.422576
0.422576
0.422576
0.422576
0.422576
0.422576
0.422576
0.422576
0.422576
0.422576
0.422576
0.422576
0.422575
0.422575
0.422575
0.422575
0.422575
0.422575
0.422575
0.422574
0.422574
0.422574
0.422573
0.422573
0.422572
0.422572
0.422571
0.42257
0.42257
0.422569
0.422567
0.422566
0.422564
0.422563
0.42256
0.422558
0.422555
0.422552
0.422548
0.422544
0.422539
0.422534
0.422528
0.422521
0.422512
0.422503
0.422493
0.422481
0.422467
0.422452
0.422434
0.422414
0.422392
0.422367
0.422338
0.422306
0.42227
0.422229
0.422183
0.422132
0.422074
0.42201
0.421938
0.421857
0.421767
0.421666
0.421555
0.42143
0.421292
0.421138
0.420967
0.420779
0.42057
0.420339
0.420084
0.419802
0.419492
0.419151
0.418776
0.418365
0.417913
0.417419
0.416878
0.416287
0.415642
0.414938
0.414172
0.413339
0.412433
0.411451
0.410386
0.409233
0.407986
0.40664
0.405188
0.403623
0.401939
0.40013
0.398187
0.396104
0.393874
0.391489
0.388942
0.386224
0.383329
0.380248
0.376973
0.373498
0.369814
0.365915
0.361792
0.357439
0.352849
0.348016
0.342934
0.337597
0.332
0.326139
0.320009
0.313608
0.306934
0.299984
0.292757
0.285255
0.277478
0.269429
0.261112
0.252531
0.243708
0.234818
0.225509
0.215951
0.206161
0.196155
0.185948
0.175557
0.164999
0.154291
0.143453
0.132508
0.121478
0.110389
0.099268
0.088146
0.0770567
0.0660377
0.0551319
0.0443886
0.0338657
0.0236321
0.0137715
0.00438699
)
;

boundaryField
{
    fixedWall
    {
        type            zeroGradient;
    }
    outlet
    {
        type            inletOutlet;
        inletValue      uniform 0;
        value           uniform 0;
    }
    defaultFaces
    {
        type            empty;
    }
}


// ************************************************************************* //
