/*--------------------------------*- C++ -*----------------------------------*\
| =========                 |                                                 |
| \\      /  F ield         | OpenFOAM: The Open Source CFD Toolbox           |
|  \\    /   O peration     | Version:  2406                                  |
|   \\  /    A nd           | Website:  www.openfoam.com                      |
|    \\/     M anipulation  |                                                 |
\*---------------------------------------------------------------------------*/
FoamFile
{
    version     2.0;
    format      ascii;
    arch        "LSB;label=32;scalar=64";
    class       volScalarField;
    location    "0.7";
    object      T;
}
// * * * * * * * * * * * * * * * * * * * * * * * * * * * * * * * * * * * * * //

dimensions      [0 0 0 1 0 0 0];

internalField   nonuniform List<scalar> 
1000
(
357.528
449.095
520.351
578.872
628.337
670.865
707.807
740.096
768.411
793.274
815.098
834.223
850.936
865.485
878.089
888.942
898.221
906.085
912.681
918.145
922.602
926.167
928.947
931.042
932.541
933.531
934.081
934.27
934.161
933.809
933.262
932.567
931.763
930.884
929.958
929.01
928.061
927.127
926.221
925.353
924.53
923.758
923.038
922.374
921.764
921.208
920.703
920.248
919.839
919.474
919.148
918.86
918.604
918.379
918.181
918.006
917.854
917.72
917.604
917.502
917.413
917.335
917.267
917.207
917.154
917.108
917.067
917.03
916.997
916.968
916.941
916.916
916.893
916.871
916.851
916.831
916.812
916.794
916.777
916.761
916.747
916.735
916.726
916.72
916.717
916.718
916.723
916.73
916.739
916.748
916.756
916.759
916.758
916.749
916.733
916.708
916.674
916.623
916.541
916.399
916.144
915.677
914.758
912.618
906.498
885.727
799.495
602.093
471.266
391.794
346.49
321.639
308.262
301.119
297.317
295.294
294.219
293.646
293.341
293.179
293.093
293.047
293.022
293.009
293.002
292.998
292.996
292.995
292.995
292.995
292.994
292.994
292.994
292.994
292.994
292.994
292.994
292.994
292.994
292.994
292.994
292.994
292.994
292.994
292.994
292.994
292.994
292.994
292.994
292.994
292.994
292.994
292.994
292.994
292.994
292.994
292.994
292.994
292.994
292.994
292.994
292.994
292.994
292.994
292.994
292.994
292.994
292.994
292.994
292.994
292.994
292.994
292.994
292.994
292.994
292.994
292.994
292.994
292.994
292.994
292.994
292.994
292.994
292.994
292.994
292.994
292.994
292.994
292.994
292.994
292.995
292.995
292.995
292.995
292.995
292.995
292.995
292.995
292.995
292.995
292.995
292.995
292.995
292.995
292.995
292.995
292.995
292.995
292.995
292.995
292.995
292.995
292.995
292.995
292.995
292.995
292.995
292.995
292.995
292.995
292.995
292.995
292.995
292.995
292.995
292.995
292.995
292.995
292.995
292.995
292.995
292.995
292.995
292.995
292.995
292.995
292.995
292.995
292.995
292.995
292.995
292.995
292.995
292.995
292.995
292.995
292.995
292.995
292.995
292.995
292.995
292.995
292.995
292.995
292.995
292.995
292.995
292.995
292.995
292.995
292.995
292.995
292.995
292.995
292.995
292.995
292.995
292.995
292.995
292.995
292.995
292.995
292.995
292.995
292.995
292.995
292.995
292.995
292.995
292.995
292.995
292.995
292.995
292.995
292.995
292.995
292.995
292.995
292.995
292.995
292.995
292.995
292.995
292.995
292.995
292.995
292.995
292.995
292.995
292.995
292.995
292.995
292.995
292.995
292.995
292.995
292.995
292.995
292.995
292.995
292.995
292.995
292.995
292.995
292.995
292.995
292.995
292.995
292.995
292.995
292.995
292.995
292.995
292.995
292.995
292.995
292.995
292.995
292.995
292.995
292.995
292.995
292.995
292.995
292.995
292.995
292.995
292.995
292.995
292.995
292.995
292.995
292.995
292.995
292.995
292.995
292.995
292.995
292.995
292.995
292.995
292.995
292.995
292.995
292.995
292.995
292.995
292.995
292.995
292.995
292.995
292.995
292.995
292.995
292.995
292.995
292.995
292.995
292.995
292.995
292.995
292.995
292.995
292.995
292.995
292.995
292.995
292.995
292.995
292.995
292.995
292.995
292.995
292.995
292.995
292.995
292.995
292.995
292.995
292.995
292.995
292.995
292.995
292.995
292.995
292.995
292.995
292.995
292.995
292.995
292.995
292.996
292.996
292.996
292.996
292.996
292.996
292.996
292.996
292.996
292.996
292.996
292.996
292.996
292.996
292.996
292.996
292.996
292.996
292.996
292.996
292.996
292.996
292.996
292.996
292.996
292.996
292.996
292.996
292.996
292.996
292.996
292.996
292.996
292.996
292.996
292.996
292.996
292.996
292.996
292.996
292.996
292.996
292.996
292.996
292.996
292.996
292.996
292.996
292.996
292.996
292.996
292.996
292.996
292.996
292.996
292.996
292.996
292.996
292.996
292.996
292.996
292.996
292.996
292.996
292.996
292.996
292.996
292.996
292.996
292.996
292.996
292.996
292.996
292.996
292.996
292.996
292.996
292.996
292.996
292.996
292.996
292.996
292.996
292.996
292.996
292.996
292.996
292.996
292.996
292.996
292.996
292.996
292.996
292.996
292.996
292.996
292.996
292.996
292.996
292.996
292.996
292.996
292.996
292.996
292.996
292.996
292.996
292.996
292.996
292.996
292.996
292.996
292.996
292.996
292.996
292.996
292.996
292.996
292.996
292.996
292.996
292.996
292.996
292.996
292.996
292.996
292.996
292.996
292.996
292.996
292.996
292.996
292.996
292.996
292.996
292.996
292.996
292.996
292.996
292.996
292.996
292.996
292.996
292.996
292.996
292.996
292.996
292.996
292.996
292.996
292.996
292.996
292.996
292.996
292.996
292.996
292.996
292.996
292.996
292.996
292.996
292.996
292.996
292.996
292.996
292.996
292.996
292.996
292.996
292.997
292.997
292.997
292.997
292.997
292.997
292.997
292.997
292.997
292.997
292.997
292.997
292.997
292.997
292.997
292.997
292.997
292.997
292.997
292.997
292.997
292.997
292.997
292.997
292.997
292.997
292.997
292.997
292.997
292.997
292.997
292.997
292.997
292.997
292.997
292.997
292.997
292.997
292.997
292.997
292.997
292.997
292.997
292.997
292.997
292.997
292.997
292.997
292.997
292.997
292.997
292.997
292.997
292.997
292.997
292.997
292.997
292.997
292.997
292.997
292.997
292.997
292.997
292.997
292.997
292.997
292.997
292.997
292.997
292.997
292.997
292.997
292.997
292.997
292.997
292.997
292.997
292.997
292.997
292.997
292.997
292.997
292.997
292.997
292.997
292.997
292.997
292.997
292.997
292.997
292.997
292.997
292.997
292.997
292.997
292.997
292.997
292.997
292.997
292.997
292.997
292.997
292.997
292.997
292.997
292.997
292.997
292.997
292.997
292.997
292.997
292.997
292.997
292.997
292.997
292.997
292.997
292.997
292.997
292.997
292.997
292.997
292.997
292.997
292.997
292.997
292.997
292.997
292.997
292.997
292.997
292.997
292.997
292.997
292.997
292.997
292.997
292.997
292.997
292.997
292.997
292.997
292.997
292.997
292.997
292.997
292.997
292.997
292.998
292.998
292.998
292.998
292.998
292.998
292.998
292.998
292.998
292.998
292.998
292.998
292.998
292.998
292.998
292.998
292.998
292.998
292.998
292.998
292.998
292.998
292.998
292.998
292.998
292.998
292.998
292.998
292.998
292.998
292.998
292.998
292.998
292.998
292.998
292.998
292.998
292.998
292.998
292.998
292.998
292.998
292.998
292.998
292.998
292.998
292.998
292.998
292.998
292.998
292.998
292.998
292.998
292.998
292.998
292.998
292.998
292.998
292.998
292.998
292.998
292.998
292.998
292.998
292.998
292.998
292.998
292.998
292.998
292.998
292.998
292.998
292.998
292.998
292.998
292.998
292.998
292.998
292.998
292.998
292.998
292.998
292.998
292.998
292.998
292.998
292.998
292.998
292.998
292.998
292.998
292.998
292.998
292.998
292.998
292.998
292.998
292.998
292.998
292.998
292.998
292.998
292.998
292.998
292.998
292.998
292.998
292.998
292.998
292.998
292.998
292.998
292.998
292.998
292.998
292.998
292.998
292.998
292.998
292.998
292.998
292.998
292.998
292.998
292.998
292.998
292.998
292.998
292.998
292.998
292.998
292.998
292.998
292.999
292.999
292.999
292.999
292.999
292.999
292.999
292.999
292.999
292.999
292.999
292.999
292.999
292.999
292.999
292.999
292.999
292.999
292.999
292.999
292.999
292.999
292.999
292.999
292.999
292.999
292.999
292.999
292.999
292.999
292.999
292.999
292.999
292.999
292.999
292.999
292.999
292.999
292.999
292.999
292.999
292.999
292.999
292.999
292.999
292.999
292.999
292.999
292.999
292.999
292.999
292.999
292.999
292.999
292.999
292.999
292.999
292.999
292.999
292.999
292.999
292.999
292.999
292.999
292.999
292.999
292.999
292.999
292.999
292.999
292.999
292.999
292.999
292.999
292.999
292.999
292.999
292.999
292.999
292.999
292.999
292.999
292.999
292.999
292.999
292.999
292.999
292.999
292.999
292.999
292.999
292.999
292.999
292.999
292.999
292.999
292.999
292.999
292.999
292.999
292.999
292.999
292.999
292.999
292.999
292.999
292.999
292.999
292.999
292.999
292.999
292.999
292.999
292.999
292.999
292.999
292.999
292.999
292.999
292.999
292.999
293
293
293
293
293
293
293
293
293
293
293
293
293
293
293
293
293
293
293
293
293
293
293
293
293
293
293
293
)
;

boundaryField
{
    fixedWall
    {
        type            fixedValue;
        value           uniform 293;
    }
    outlet
    {
        type            inletOutlet;
        inletValue      uniform 293;
        value           uniform 293;
    }
    defaultFaces
    {
        type            empty;
    }
}


// ************************************************************************* //
