/*--------------------------------*- C++ -*----------------------------------*\
| =========                 |                                                 |
| \\      /  F ield         | OpenFOAM: The Open Source CFD Toolbox           |
|  \\    /   O peration     | Version:  2406                                  |
|   \\  /    A nd           | Website:  www.openfoam.com                      |
|    \\/     M anipulation  |                                                 |
\*---------------------------------------------------------------------------*/
FoamFile
{
    version     2.0;
    format      ascii;
    arch        "LSB;label=32;scalar=64";
    class       volScalarField;
    location    "9.1";
    object      f_Bilger;
}
// * * * * * * * * * * * * * * * * * * * * * * * * * * * * * * * * * * * * * //

dimensions      [0 0 0 0 0 0 0];

internalField   nonuniform List<scalar> 
1000
(
0.454053
0.454053
0.454053
0.454053
0.454053
0.454053
0.454053
0.454053
0.454053
0.454053
0.454053
0.454053
0.454053
0.454053
0.454053
0.454053
0.454053
0.454053
0.454053
0.454053
0.454053
0.454053
0.454053
0.454053
0.454053
0.454053
0.454053
0.454053
0.454053
0.454053
0.454053
0.454053
0.454053
0.454053
0.454053
0.454053
0.454053
0.454053
0.454053
0.454053
0.454053
0.454053
0.454053
0.454053
0.454053
0.454053
0.454053
0.454053
0.454053
0.454053
0.454053
0.454053
0.454053
0.454053
0.454053
0.454053
0.454053
0.454053
0.454053
0.454053
0.454053
0.454053
0.454053
0.454053
0.454053
0.454053
0.454053
0.454053
0.454053
0.454053
0.454053
0.454053
0.454053
0.454053
0.454053
0.454053
0.454053
0.454053
0.454053
0.454053
0.454053
0.454053
0.454053
0.454053
0.454053
0.454053
0.454053
0.454053
0.454053
0.454053
0.454053
0.454053
0.454053
0.454053
0.454053
0.454053
0.454053
0.454053
0.454053
0.454053
0.454053
0.454053
0.454053
0.454053
0.454053
0.454053
0.454053
0.454053
0.454053
0.454053
0.454053
0.454053
0.454053
0.454053
0.454053
0.454053
0.454053
0.454053
0.454053
0.454053
0.454053
0.454053
0.454053
0.454053
0.454053
0.454053
0.454053
0.454053
0.454053
0.454053
0.454053
0.454053
0.454053
0.454053
0.454053
0.454053
0.454053
0.454053
0.454053
0.454053
0.454053
0.454053
0.454053
0.454053
0.454053
0.454053
0.454053
0.454053
0.454053
0.454053
0.454053
0.454053
0.454053
0.454053
0.454053
0.454053
0.454053
0.454053
0.454053
0.454053
0.454053
0.454053
0.454053
0.454053
0.454053
0.454053
0.454053
0.454053
0.454053
0.454053
0.454053
0.454053
0.454053
0.454053
0.454053
0.454053
0.454053
0.454053
0.454053
0.454053
0.454053
0.454053
0.454053
0.454053
0.454053
0.454053
0.454053
0.454053
0.454053
0.454053
0.454053
0.454053
0.454053
0.454053
0.454053
0.454053
0.454053
0.454053
0.454053
0.454053
0.454053
0.454053
0.454053
0.454053
0.454053
0.454053
0.454053
0.454053
0.454053
0.454053
0.454053
0.454053
0.454053
0.454053
0.454053
0.454053
0.454053
0.454053
0.454053
0.454053
0.454053
0.454053
0.454053
0.454053
0.454053
0.454053
0.454053
0.454053
0.454053
0.454053
0.454053
0.454053
0.454053
0.454053
0.454053
0.454053
0.454053
0.454053
0.454053
0.454053
0.454053
0.454053
0.454053
0.454053
0.454053
0.454053
0.454053
0.454053
0.454053
0.454053
0.454053
0.454053
0.454053
0.454053
0.454053
0.454053
0.454053
0.454053
0.454053
0.454053
0.454053
0.454053
0.454053
0.454053
0.454053
0.454053
0.454053
0.454053
0.454053
0.454053
0.454053
0.454053
0.454053
0.454053
0.454053
0.454053
0.454053
0.454053
0.454053
0.454053
0.454053
0.454053
0.454053
0.454053
0.454053
0.454053
0.454053
0.454053
0.454053
0.454053
0.454053
0.454053
0.454053
0.454053
0.454053
0.454053
0.454053
0.454053
0.454053
0.454053
0.454053
0.454053
0.454053
0.454053
0.454053
0.454053
0.454053
0.454053
0.454053
0.454053
0.454053
0.454053
0.454053
0.454053
0.454053
0.454053
0.454053
0.454053
0.454053
0.454053
0.454053
0.454053
0.454053
0.454053
0.454053
0.454053
0.454053
0.454053
0.454053
0.454053
0.454053
0.454053
0.454053
0.454053
0.454053
0.454053
0.454053
0.454053
0.454053
0.454053
0.454053
0.454053
0.454053
0.454053
0.454053
0.454053
0.454053
0.454053
0.454053
0.454053
0.454053
0.454053
0.454053
0.454053
0.454053
0.454053
0.454053
0.454053
0.454053
0.454053
0.454053
0.454053
0.454053
0.454053
0.454053
0.454053
0.454053
0.454053
0.454053
0.454053
0.454053
0.454053
0.454053
0.454053
0.454053
0.454053
0.454053
0.454053
0.454053
0.454053
0.454053
0.454053
0.454053
0.454053
0.454053
0.454053
0.454053
0.454053
0.454053
0.454053
0.454053
0.454053
0.454053
0.454053
0.454053
0.454053
0.454053
0.454053
0.454053
0.454053
0.454053
0.454053
0.454053
0.454053
0.454053
0.454053
0.454053
0.454053
0.454053
0.454053
0.454053
0.454053
0.454053
0.454053
0.454053
0.454053
0.454053
0.454053
0.454053
0.454053
0.454053
0.454053
0.454053
0.454053
0.454053
0.454053
0.454053
0.454053
0.454053
0.454053
0.454053
0.454053
0.454053
0.454053
0.454053
0.454053
0.454053
0.454053
0.454053
0.454053
0.454053
0.454053
0.454053
0.454053
0.454053
0.454053
0.454053
0.454053
0.454053
0.454053
0.454053
0.454053
0.454053
0.454053
0.454053
0.454053
0.454053
0.454053
0.454053
0.454053
0.454053
0.454053
0.454053
0.454053
0.454053
0.454053
0.454053
0.454053
0.454053
0.454053
0.454053
0.454053
0.454053
0.454053
0.454053
0.454053
0.454053
0.454053
0.454053
0.454053
0.454053
0.454053
0.454053
0.454053
0.454053
0.454053
0.454053
0.454053
0.454053
0.454053
0.454053
0.454053
0.454053
0.454053
0.454053
0.454053
0.454053
0.454053
0.454053
0.454053
0.454053
0.454053
0.454053
0.454053
0.454053
0.454053
0.454053
0.454053
0.454053
0.454053
0.454053
0.454053
0.454053
0.454053
0.454053
0.454053
0.454053
0.454053
0.454053
0.454053
0.454053
0.454053
0.454053
0.454053
0.454053
0.454053
0.454053
0.454053
0.454053
0.454053
0.454053
0.454053
0.454053
0.454053
0.454053
0.454053
0.454053
0.454053
0.454053
0.454053
0.454053
0.454053
0.454053
0.454053
0.454053
0.454053
0.454053
0.454053
0.454053
0.454053
0.454053
0.454053
0.454053
0.454053
0.454053
0.454053
0.454053
0.454053
0.454053
0.454053
0.454053
0.454053
0.454053
0.454053
0.454053
0.454053
0.454053
0.454053
0.454053
0.454053
0.454053
0.454053
0.454053
0.454053
0.454053
0.454053
0.454053
0.454053
0.454053
0.454053
0.454053
0.454053
0.454053
0.454053
0.454053
0.454053
0.454053
0.454053
0.454053
0.454053
0.454053
0.454053
0.454053
0.454053
0.454053
0.454053
0.454053
0.454053
0.454053
0.454053
0.454053
0.454053
0.454053
0.454053
0.454053
0.454053
0.454053
0.454053
0.454053
0.454053
0.454053
0.454053
0.454053
0.454053
0.454053
0.454053
0.454053
0.454053
0.454053
0.454053
0.454053
0.454053
0.454053
0.454053
0.454053
0.454053
0.454053
0.454053
0.454053
0.454053
0.454053
0.454053
0.454053
0.454053
0.454053
0.454053
0.454053
0.454053
0.454053
0.454053
0.454053
0.454053
0.454053
0.454053
0.454053
0.454053
0.454053
0.454053
0.454053
0.454053
0.454053
0.454053
0.454053
0.454053
0.454053
0.454053
0.454053
0.454053
0.454053
0.454053
0.454053
0.454053
0.454053
0.454053
0.454053
0.454053
0.454053
0.454053
0.454053
0.454053
0.454053
0.454053
0.454053
0.454053
0.454053
0.454053
0.454053
0.454053
0.454053
0.454053
0.454053
0.454053
0.454053
0.454053
0.454053
0.454053
0.454053
0.454053
0.454053
0.454053
0.454053
0.454053
0.454053
0.454053
0.454053
0.454053
0.454053
0.454053
0.454053
0.454053
0.454053
0.454053
0.454053
0.454053
0.454053
0.454053
0.454053
0.454053
0.454053
0.454053
0.454053
0.454053
0.454053
0.454053
0.454053
0.454053
0.454053
0.454053
0.454053
0.454053
0.454053
0.454053
0.454053
0.454053
0.454053
0.454053
0.454053
0.454053
0.454053
0.454053
0.454053
0.454053
0.454053
0.454053
0.454053
0.454053
0.454053
0.454053
0.454053
0.454053
0.454053
0.454053
0.454053
0.454053
0.454053
0.454053
0.454053
0.454053
0.454053
0.454053
0.454053
0.454053
0.454053
0.454053
0.454053
0.454053
0.454053
0.454053
0.454053
0.454053
0.454053
0.454053
0.454053
0.454053
0.454053
0.454053
0.454053
0.454053
0.454053
0.454053
0.454053
0.454053
0.454053
0.454053
0.454053
0.454053
0.454053
0.454053
0.454053
0.454053
0.454053
0.454053
0.454053
0.454053
0.454053
0.454053
0.454053
0.454053
0.454053
0.454053
0.454053
0.454053
0.454053
0.454053
0.454053
0.454053
0.454053
0.454053
0.454053
0.454053
0.454053
0.454053
0.454053
0.454053
0.454053
0.454053
0.454053
0.454053
0.454053
0.454053
0.454053
0.454053
0.454053
0.454053
0.454053
0.454053
0.454053
0.454053
0.454053
0.454053
0.454053
0.454053
0.454053
0.454053
0.454053
0.454053
0.454053
0.454053
0.454053
0.454053
0.454053
0.454053
0.454053
0.454053
0.454053
0.454053
0.454053
0.454053
0.454053
0.454053
0.454053
0.454053
0.454053
0.454052
0.454052
0.454052
0.454052
0.454052
0.454052
0.454052
0.454052
0.454051
0.454051
0.454051
0.454051
0.45405
0.45405
0.454049
0.454049
0.454048
0.454048
0.454047
0.454046
0.454045
0.454044
0.454043
0.454041
0.45404
0.454038
0.454036
0.454033
0.45403
0.454027
0.454024
0.45402
0.454015
0.45401
0.454005
0.453998
0.453991
0.453983
0.453974
0.453964
0.453953
0.45394
0.453926
0.45391
0.453892
0.453872
0.45385
0.453825
0.453797
0.453767
0.453733
0.453695
0.453653
0.453606
0.453555
0.453498
0.453435
0.453365
0.453288
0.453203
0.45311
0.453007
0.452893
0.452769
0.452633
0.452483
0.452319
0.452139
0.451943
0.451728
0.451494
0.451238
0.45096
0.450656
0.450326
0.449968
0.449579
0.449157
0.448699
0.448204
0.447668
0.44709
0.446465
0.445791
0.445065
0.444283
0.443443
0.44254
0.441571
0.440532
0.439418
0.438227
0.436953
0.435593
0.434141
0.432593
0.430945
0.429191
0.427327
0.425348
0.423249
0.421024
0.418669
0.416179
0.413548
0.410772
0.407845
0.404762
0.401519
0.39811
0.394532
0.390779
0.386848
0.382734
0.378433
0.373943
0.369259
0.364378
0.3593
0.35402
0.348538
0.342852
0.336961
0.330866
0.324567
0.318065
0.311361
0.304459
0.29736
0.29007
0.282594
0.275089
0.267269
0.259268
0.251098
0.242769
0.234293
0.225678
0.216937
0.208082
0.199126
0.190082
0.180964
0.17179
0.162575
0.153339
0.144102
0.134885
0.125712
0.116611
0.10761
0.0987428
0.0900483
0.0815705
0.0733613
0.0654819
0.0580051
)
;

boundaryField
{
    fixedWall
    {
        type            calculated;
        value           uniform 0.454053;
    }
    outlet
    {
        type            calculated;
        value           uniform 0.054513;
    }
    defaultFaces
    {
        type            empty;
    }
}


// ************************************************************************* //
