/*--------------------------------*- C++ -*----------------------------------*\
| =========                 |                                                 |
| \\      /  F ield         | OpenFOAM: The Open Source CFD Toolbox           |
|  \\    /   O peration     | Version:  2406                                  |
|   \\  /    A nd           | Website:  www.openfoam.com                      |
|    \\/     M anipulation  |                                                 |
\*---------------------------------------------------------------------------*/
FoamFile
{
    version     2.0;
    format      ascii;
    arch        "LSB;label=32;scalar=64";
    class       volScalarField;
    location    "9.1";
    object      H2O;
}
// * * * * * * * * * * * * * * * * * * * * * * * * * * * * * * * * * * * * * //

dimensions      [0 0 0 0 0 0 0];

internalField   nonuniform List<scalar> 
1000
(
0.0580665
0.0580665
0.0580665
0.0580665
0.0580665
0.0580665
0.0580665
0.0580665
0.0580665
0.0580665
0.0580666
0.0580666
0.0580666
0.0580666
0.0580666
0.0580666
0.0580666
0.0580666
0.0580666
0.0580666
0.0580666
0.0580666
0.0580666
0.0580667
0.0580667
0.0580667
0.0580667
0.0580667
0.0580667
0.0580667
0.0580667
0.0580667
0.0580667
0.0580667
0.0580668
0.0580668
0.0580668
0.0580668
0.0580668
0.0580668
0.0580668
0.0580668
0.0580668
0.0580668
0.0580668
0.0580668
0.0580668
0.0580669
0.0580669
0.0580669
0.0580669
0.0580669
0.0580669
0.0580669
0.0580669
0.0580669
0.0580669
0.0580669
0.0580669
0.0580669
0.0580669
0.0580669
0.0580669
0.0580669
0.058067
0.058067
0.058067
0.058067
0.058067
0.058067
0.058067
0.058067
0.058067
0.058067
0.058067
0.058067
0.058067
0.058067
0.058067
0.058067
0.058067
0.058067
0.058067
0.058067
0.058067
0.058067
0.058067
0.058067
0.058067
0.058067
0.058067
0.058067
0.058067
0.058067
0.058067
0.058067
0.058067
0.058067
0.058067
0.058067
0.058067
0.058067
0.058067
0.058067
0.058067
0.058067
0.058067
0.058067
0.0580671
0.0580671
0.0580671
0.0580671
0.0580671
0.0580671
0.0580671
0.0580671
0.0580671
0.0580671
0.0580671
0.0580671
0.0580671
0.0580671
0.0580671
0.0580671
0.0580671
0.0580671
0.0580671
0.0580671
0.0580671
0.0580671
0.0580671
0.0580671
0.0580671
0.0580671
0.0580671
0.0580671
0.0580671
0.0580671
0.0580671
0.0580671
0.0580671
0.0580671
0.0580671
0.0580671
0.0580671
0.0580671
0.0580671
0.0580671
0.0580671
0.0580671
0.0580671
0.0580671
0.0580671
0.0580671
0.0580671
0.0580671
0.0580671
0.0580671
0.0580671
0.0580671
0.0580671
0.0580671
0.0580671
0.0580671
0.0580671
0.0580671
0.0580671
0.0580671
0.0580671
0.0580671
0.0580671
0.0580671
0.0580671
0.0580671
0.0580671
0.0580671
0.0580671
0.0580671
0.0580671
0.0580671
0.0580671
0.0580671
0.0580671
0.0580671
0.0580671
0.0580671
0.0580671
0.0580671
0.0580671
0.0580671
0.0580671
0.0580671
0.0580671
0.0580671
0.0580671
0.0580671
0.0580671
0.0580671
0.0580671
0.0580671
0.0580671
0.0580671
0.0580671
0.0580671
0.0580671
0.0580671
0.0580671
0.0580671
0.0580671
0.0580671
0.0580671
0.0580671
0.0580671
0.0580671
0.0580671
0.0580671
0.0580671
0.0580671
0.0580671
0.0580671
0.0580671
0.0580671
0.0580671
0.0580671
0.0580671
0.0580671
0.0580671
0.0580671
0.0580671
0.0580671
0.0580671
0.0580671
0.0580671
0.0580671
0.0580671
0.0580671
0.0580671
0.0580671
0.0580671
0.0580671
0.0580671
0.0580671
0.0580671
0.0580671
0.0580671
0.0580671
0.0580671
0.0580671
0.0580671
0.0580671
0.0580671
0.0580671
0.0580671
0.0580671
0.0580671
0.058067
0.058067
0.058067
0.058067
0.058067
0.058067
0.058067
0.058067
0.058067
0.058067
0.058067
0.058067
0.058067
0.058067
0.058067
0.058067
0.058067
0.058067
0.058067
0.058067
0.058067
0.058067
0.058067
0.058067
0.058067
0.058067
0.058067
0.058067
0.058067
0.058067
0.058067
0.058067
0.058067
0.058067
0.058067
0.058067
0.058067
0.058067
0.058067
0.058067
0.058067
0.058067
0.058067
0.058067
0.058067
0.058067
0.058067
0.058067
0.058067
0.058067
0.058067
0.058067
0.058067
0.058067
0.058067
0.058067
0.058067
0.058067
0.058067
0.058067
0.058067
0.058067
0.058067
0.058067
0.058067
0.058067
0.058067
0.058067
0.058067
0.058067
0.058067
0.058067
0.058067
0.058067
0.058067
0.058067
0.058067
0.058067
0.058067
0.058067
0.058067
0.058067
0.058067
0.058067
0.058067
0.058067
0.058067
0.058067
0.058067
0.058067
0.058067
0.058067
0.058067
0.058067
0.058067
0.058067
0.058067
0.058067
0.058067
0.058067
0.058067
0.058067
0.058067
0.058067
0.058067
0.058067
0.058067
0.058067
0.058067
0.058067
0.058067
0.058067
0.058067
0.058067
0.058067
0.058067
0.058067
0.058067
0.058067
0.058067
0.058067
0.058067
0.058067
0.058067
0.058067
0.058067
0.058067
0.058067
0.058067
0.058067
0.058067
0.058067
0.058067
0.058067
0.058067
0.058067
0.058067
0.058067
0.058067
0.058067
0.058067
0.058067
0.058067
0.058067
0.058067
0.058067
0.058067
0.058067
0.058067
0.058067
0.058067
0.058067
0.058067
0.058067
0.058067
0.058067
0.058067
0.058067
0.058067
0.058067
0.058067
0.058067
0.058067
0.058067
0.058067
0.058067
0.058067
0.058067
0.058067
0.058067
0.058067
0.058067
0.058067
0.058067
0.058067
0.058067
0.058067
0.058067
0.058067
0.058067
0.058067
0.058067
0.058067
0.058067
0.058067
0.058067
0.058067
0.058067
0.058067
0.058067
0.058067
0.058067
0.058067
0.058067
0.058067
0.058067
0.058067
0.058067
0.058067
0.058067
0.058067
0.058067
0.058067
0.058067
0.058067
0.058067
0.058067
0.058067
0.058067
0.058067
0.058067
0.058067
0.058067
0.058067
0.058067
0.058067
0.058067
0.058067
0.058067
0.058067
0.058067
0.058067
0.058067
0.058067
0.058067
0.058067
0.058067
0.058067
0.058067
0.058067
0.058067
0.058067
0.058067
0.058067
0.058067
0.058067
0.058067
0.058067
0.058067
0.058067
0.058067
0.058067
0.058067
0.058067
0.058067
0.058067
0.058067
0.058067
0.058067
0.058067
0.058067
0.058067
0.058067
0.058067
0.058067
0.058067
0.058067
0.058067
0.058067
0.058067
0.058067
0.058067
0.058067
0.058067
0.058067
0.058067
0.058067
0.058067
0.058067
0.058067
0.058067
0.058067
0.058067
0.058067
0.058067
0.058067
0.058067
0.058067
0.058067
0.058067
0.058067
0.058067
0.058067
0.058067
0.058067
0.058067
0.058067
0.058067
0.058067
0.058067
0.058067
0.058067
0.058067
0.058067
0.058067
0.058067
0.058067
0.058067
0.058067
0.058067
0.058067
0.058067
0.058067
0.058067
0.058067
0.058067
0.058067
0.058067
0.058067
0.058067
0.058067
0.058067
0.058067
0.058067
0.058067
0.058067
0.058067
0.058067
0.058067
0.058067
0.058067
0.058067
0.058067
0.058067
0.058067
0.058067
0.058067
0.058067
0.058067
0.058067
0.058067
0.058067
0.058067
0.058067
0.058067
0.058067
0.058067
0.058067
0.058067
0.058067
0.058067
0.058067
0.058067
0.058067
0.058067
0.058067
0.058067
0.058067
0.058067
0.058067
0.058067
0.058067
0.058067
0.058067
0.058067
0.058067
0.058067
0.058067
0.058067
0.058067
0.058067
0.058067
0.058067
0.058067
0.058067
0.058067
0.058067
0.058067
0.058067
0.058067
0.058067
0.058067
0.058067
0.058067
0.058067
0.058067
0.058067
0.058067
0.058067
0.058067
0.058067
0.058067
0.058067
0.058067
0.058067
0.058067
0.058067
0.058067
0.058067
0.058067
0.058067
0.058067
0.058067
0.058067
0.058067
0.058067
0.058067
0.058067
0.058067
0.058067
0.058067
0.058067
0.058067
0.058067
0.058067
0.058067
0.058067
0.058067
0.058067
0.058067
0.058067
0.058067
0.058067
0.058067
0.058067
0.058067
0.058067
0.058067
0.058067
0.058067
0.058067
0.058067
0.058067
0.058067
0.058067
0.058067
0.058067
0.058067
0.058067
0.058067
0.058067
0.058067
0.058067
0.058067
0.058067
0.058067
0.058067
0.058067
0.058067
0.058067
0.058067
0.058067
0.058067
0.058067
0.058067
0.058067
0.058067
0.058067
0.058067
0.058067
0.058067
0.058067
0.058067
0.058067
0.058067
0.058067
0.058067
0.058067
0.058067
0.058067
0.058067
0.058067
0.058067
0.058067
0.058067
0.058067
0.058067
0.058067
0.058067
0.058067
0.058067
0.058067
0.058067
0.058067
0.058067
0.058067
0.058067
0.058067
0.058067
0.058067
0.058067
0.058067
0.058067
0.058067
0.058067
0.058067
0.058067
0.058067
0.058067
0.058067
0.058067
0.058067
0.058067
0.058067
0.058067
0.058067
0.058067
0.058067
0.058067
0.058067
0.058067
0.058067
0.058067
0.058067
0.058067
0.058067
0.058067
0.058067
0.058067
0.058067
0.058067
0.058067
0.058067
0.0580669
0.0580669
0.0580669
0.0580669
0.0580669
0.0580669
0.0580669
0.0580669
0.0580669
0.0580669
0.0580669
0.0580669
0.0580669
0.0580669
0.0580669
0.0580669
0.0580669
0.0580669
0.0580669
0.0580669
0.0580669
0.0580669
0.0580669
0.0580669
0.0580669
0.0580669
0.0580669
0.0580669
0.0580669
0.0580669
0.0580669
0.0580669
0.0580669
0.0580669
0.0580669
0.0580669
0.0580669
0.0580669
0.0580669
0.0580669
0.0580669
0.0580669
0.0580669
0.0580669
0.0580669
0.0580669
0.0580669
0.0580669
0.0580669
0.0580669
0.0580669
0.0580669
0.0580669
0.0580669
0.0580669
0.0580669
0.0580669
0.0580669
0.0580669
0.0580669
0.0580669
0.0580669
0.0580669
0.0580669
0.0580669
0.0580669
0.0580669
0.0580669
0.0580669
0.0580669
0.0580669
0.0580669
0.0580669
0.0580669
0.0580669
0.0580669
0.0580668
0.0580668
0.0580668
0.0580668
0.0580668
0.0580668
0.0580667
0.0580667
0.0580667
0.0580666
0.0580666
0.0580665
0.0580665
0.0580664
0.0580663
0.0580663
0.0580662
0.058066
0.0580659
0.0580658
0.0580656
0.0580654
0.0580652
0.058065
0.0580647
0.0580644
0.058064
0.0580636
0.0580632
0.0580627
0.0580621
0.0580615
0.0580607
0.0580599
0.058059
0.0580579
0.0580568
0.0580555
0.058054
0.0580523
0.0580505
0.0580484
0.0580461
0.0580435
0.0580406
0.0580374
0.0580338
0.0580298
0.0580253
0.0580204
0.0580149
0.0580087
0.058002
0.0579945
0.0579862
0.057977
0.0579669
0.0579557
0.0579434
0.0579298
0.0579148
0.0578984
0.0578803
0.0578605
0.0578387
0.0578148
0.0577887
0.0577602
0.057729
0.0576949
0.0576578
0.0576173
0.0575732
0.0575252
0.0574731
0.0574166
0.0573552
0.0572887
0.0572168
0.0571389
0.0570548
0.056964
0.0568661
0.0567605
0.0566469
0.0565248
0.0563936
0.0562527
0.0561016
0.0559398
0.0557667
0.0555815
0.0553838
0.0551727
0.0549478
0.0547082
0.0544533
0.0541824
0.0538948
0.0535897
0.0532664
0.0529241
0.0525621
0.0521798
0.0517762
0.0513508
0.0509028
0.0504314
0.049936
0.049416
0.0488705
0.0482991
0.0477012
0.0470761
0.0464235
0.0457427
0.0450334
0.0442952
0.0435279
0.0427311
0.0419047
0.0410486
0.0401628
0.0392473
0.0383023
0.037328
0.0363247
0.0352931
0.0342335
0.033147
0.0320562
0.0309198
0.029757
0.0285696
0.0273591
0.0261272
0.0248752
0.0236049
0.022318
0.0210163
0.0197019
0.0183769
0.0170436
0.0157044
0.0143622
0.0130197
0.0116802
0.0103472
0.00902444
0.00771634
0.00642774
0.0051642
0.00393216
0.00273915
0.00159406
0.000507488
)
;

boundaryField
{
    fixedWall
    {
        type            zeroGradient;
    }
    outlet
    {
        type            inletOutlet;
        inletValue      uniform 0;
        value           uniform 0;
    }
    defaultFaces
    {
        type            empty;
    }
}


// ************************************************************************* //
