/*--------------------------------*- C++ -*----------------------------------*\
| =========                 |                                                 |
| \\      /  F ield         | OpenFOAM: The Open Source CFD Toolbox           |
|  \\    /   O peration     | Version:  2406                                  |
|   \\  /    A nd           | Website:  www.openfoam.com                      |
|    \\/     M anipulation  |                                                 |
\*---------------------------------------------------------------------------*/
FoamFile
{
    version     2.0;
    format      ascii;
    arch        "LSB;label=32;scalar=64";
    class       volScalarField;
    location    "4.3";
    object      CH4;
}
// * * * * * * * * * * * * * * * * * * * * * * * * * * * * * * * * * * * * * //

dimensions      [0 0 0 0 0 0 0];

internalField   nonuniform List<scalar> 
1000
(
0.422576
0.422576
0.422576
0.422576
0.422576
0.422576
0.422576
0.422576
0.422576
0.422576
0.422576
0.422576
0.422576
0.422576
0.422576
0.422576
0.422576
0.422576
0.422576
0.422576
0.422576
0.422576
0.422576
0.422576
0.422576
0.422576
0.422576
0.422576
0.422576
0.422576
0.422576
0.422576
0.422576
0.422576
0.422576
0.422576
0.422576
0.422576
0.422576
0.422576
0.422576
0.422576
0.422576
0.422576
0.422576
0.422576
0.422576
0.422576
0.422576
0.422576
0.422576
0.422576
0.422576
0.422576
0.422576
0.422576
0.422576
0.422576
0.422576
0.422576
0.422576
0.422576
0.422576
0.422576
0.422576
0.422576
0.422576
0.422576
0.422576
0.422576
0.422576
0.422576
0.422576
0.422576
0.422576
0.422576
0.422576
0.422576
0.422576
0.422576
0.422576
0.422576
0.422576
0.422576
0.422576
0.422576
0.422576
0.422576
0.422576
0.422576
0.422576
0.422576
0.422576
0.422576
0.422576
0.422576
0.422576
0.422576
0.422576
0.422576
0.422576
0.422576
0.422576
0.422576
0.422576
0.422576
0.422576
0.422576
0.422576
0.422576
0.422576
0.422576
0.422576
0.422576
0.422576
0.422576
0.422576
0.422576
0.422576
0.422576
0.422576
0.422576
0.422576
0.422576
0.422576
0.422576
0.422576
0.422576
0.422576
0.422576
0.422576
0.422576
0.422576
0.422576
0.422576
0.422576
0.422576
0.422576
0.422576
0.422576
0.422576
0.422576
0.422576
0.422576
0.422576
0.422576
0.422576
0.422576
0.422576
0.422576
0.422576
0.422576
0.422576
0.422576
0.422576
0.422576
0.422576
0.422576
0.422576
0.422576
0.422576
0.422576
0.422576
0.422576
0.422576
0.422576
0.422576
0.422576
0.422576
0.422576
0.422576
0.422576
0.422576
0.422576
0.422576
0.422576
0.422576
0.422576
0.422576
0.422576
0.422576
0.422576
0.422576
0.422576
0.422576
0.422576
0.422576
0.422576
0.422576
0.422576
0.422576
0.422576
0.422576
0.422576
0.422576
0.422576
0.422576
0.422576
0.422576
0.422576
0.422576
0.422576
0.422576
0.422576
0.422576
0.422576
0.422576
0.422576
0.422576
0.422576
0.422576
0.422576
0.422576
0.422576
0.422576
0.422576
0.422576
0.422576
0.422576
0.422576
0.422576
0.422576
0.422576
0.422576
0.422576
0.422576
0.422576
0.422576
0.422576
0.422576
0.422576
0.422576
0.422576
0.422576
0.422576
0.422576
0.422576
0.422576
0.422576
0.422576
0.422576
0.422576
0.422576
0.422576
0.422576
0.422576
0.422576
0.422576
0.422576
0.422576
0.422576
0.422576
0.422576
0.422576
0.422576
0.422576
0.422576
0.422576
0.422576
0.422576
0.422576
0.422576
0.422576
0.422576
0.422576
0.422576
0.422576
0.422576
0.422576
0.422576
0.422576
0.422576
0.422576
0.422576
0.422576
0.422576
0.422576
0.422576
0.422576
0.422576
0.422576
0.422576
0.422576
0.422576
0.422576
0.422576
0.422576
0.422576
0.422576
0.422576
0.422576
0.422576
0.422576
0.422576
0.422576
0.422576
0.422576
0.422576
0.422576
0.422576
0.422576
0.422576
0.422576
0.422576
0.422576
0.422576
0.422576
0.422576
0.422576
0.422576
0.422576
0.422576
0.422576
0.422576
0.422576
0.422576
0.422576
0.422576
0.422576
0.422576
0.422576
0.422576
0.422576
0.422576
0.422576
0.422576
0.422576
0.422576
0.422576
0.422576
0.422576
0.422576
0.422576
0.422576
0.422576
0.422576
0.422576
0.422576
0.422576
0.422576
0.422576
0.422576
0.422576
0.422576
0.422576
0.422576
0.422576
0.422576
0.422576
0.422576
0.422576
0.422576
0.422576
0.422576
0.422576
0.422576
0.422576
0.422576
0.422576
0.422576
0.422576
0.422576
0.422576
0.422576
0.422576
0.422576
0.422576
0.422576
0.422576
0.422576
0.422576
0.422576
0.422576
0.422576
0.422576
0.422576
0.422576
0.422576
0.422576
0.422576
0.422576
0.422576
0.422576
0.422576
0.422576
0.422576
0.422576
0.422576
0.422576
0.422576
0.422576
0.422576
0.422576
0.422576
0.422576
0.422576
0.422576
0.422576
0.422576
0.422576
0.422576
0.422576
0.422576
0.422576
0.422576
0.422576
0.422576
0.422576
0.422576
0.422576
0.422576
0.422576
0.422576
0.422576
0.422576
0.422576
0.422576
0.422576
0.422576
0.422576
0.422576
0.422576
0.422576
0.422576
0.422576
0.422576
0.422576
0.422576
0.422576
0.422576
0.422576
0.422576
0.422576
0.422576
0.422576
0.422576
0.422576
0.422576
0.422576
0.422576
0.422576
0.422576
0.422576
0.422576
0.422576
0.422576
0.422576
0.422576
0.422576
0.422576
0.422576
0.422576
0.422576
0.422576
0.422576
0.422576
0.422576
0.422576
0.422576
0.422576
0.422576
0.422576
0.422576
0.422576
0.422576
0.422576
0.422576
0.422576
0.422576
0.422576
0.422576
0.422576
0.422576
0.422576
0.422576
0.422576
0.422576
0.422576
0.422576
0.422576
0.422576
0.422576
0.422576
0.422576
0.422576
0.422576
0.422576
0.422576
0.422576
0.422576
0.422576
0.422576
0.422576
0.422576
0.422576
0.422576
0.422576
0.422576
0.422576
0.422576
0.422576
0.422576
0.422576
0.422576
0.422576
0.422576
0.422576
0.422576
0.422576
0.422576
0.422576
0.422576
0.422576
0.422576
0.422576
0.422576
0.422576
0.422576
0.422576
0.422576
0.422576
0.422576
0.422576
0.422576
0.422576
0.422576
0.422576
0.422576
0.422576
0.422576
0.422576
0.422576
0.422576
0.422576
0.422576
0.422576
0.422576
0.422576
0.422576
0.422576
0.422576
0.422576
0.422576
0.422576
0.422576
0.422576
0.422576
0.422576
0.422576
0.422576
0.422576
0.422576
0.422576
0.422576
0.422576
0.422576
0.422576
0.422576
0.422576
0.422576
0.422576
0.422576
0.422576
0.422576
0.422576
0.422576
0.422576
0.422576
0.422576
0.422576
0.422576
0.422576
0.422576
0.422577
0.422577
0.422577
0.422577
0.422577
0.422577
0.422577
0.422577
0.422577
0.422577
0.422577
0.422577
0.422577
0.422577
0.422577
0.422577
0.422577
0.422577
0.422577
0.422577
0.422577
0.422577
0.422577
0.422577
0.422577
0.422577
0.422577
0.422577
0.422577
0.422577
0.422577
0.422577
0.422577
0.422577
0.422577
0.422577
0.422577
0.422577
0.422577
0.422577
0.422577
0.422577
0.422577
0.422577
0.422577
0.422577
0.422577
0.422577
0.422577
0.422577
0.422577
0.422577
0.422577
0.422577
0.422577
0.422577
0.422577
0.422577
0.422577
0.422577
0.422577
0.422577
0.422577
0.422578
0.422578
0.422578
0.422578
0.422578
0.422578
0.422578
0.422578
0.422578
0.422578
0.422578
0.422578
0.422578
0.422578
0.422578
0.422578
0.422579
0.422579
0.422579
0.422579
0.422579
0.422579
0.422579
0.422579
0.42258
0.42258
0.42258
0.42258
0.422581
0.422581
0.422581
0.422582
0.422582
0.422582
0.422583
0.422584
0.422584
0.422585
0.422587
0.422588
0.42259
0.422592
0.422596
0.4226
0.422607
0.422619
0.42264
0.422688
0.422819
0.423243
0.424799
0.432249
0.440444
0.444564
0.446555
0.447514
0.447979
0.448207
0.448319
0.448375
0.448403
0.448417
0.448424
0.448427
0.448429
0.44843
0.44843
0.44843
0.44843
0.44843
0.44843
0.44843
0.44843
0.44843
0.44843
0.44843
0.44843
0.44843
0.44843
0.44843
0.44843
0.44843
0.44843
0.44843
0.44843
0.44843
0.44843
0.44843
0.44843
0.44843
0.44843
0.44843
0.44843
0.44843
0.44843
0.44843
0.44843
0.44843
0.44843
0.44843
0.44843
0.44843
0.44843
0.44843
0.44843
0.44843
0.44843
0.44843
0.44843
0.44843
0.44843
0.44843
0.44843
0.44843
0.44843
0.44843
0.44843
0.44843
0.44843
0.44843
0.44843
0.44843
0.44843
0.44843
0.44843
0.44843
0.44843
0.44843
0.44843
0.44843
0.44843
0.44843
0.44843
0.44843
0.44843
0.44843
0.44843
0.44843
0.44843
0.44843
0.44843
0.44843
0.44843
0.44843
0.44843
0.44843
0.44843
0.44843
0.44843
0.44843
0.44843
0.44843
0.44843
0.44843
0.44843
0.44843
0.44843
0.44843
0.44843
0.44843
0.44843
0.44843
0.44843
0.44843
0.44843
0.44843
0.44843
0.44843
0.44843
0.44843
0.44843
0.44843
0.44843
0.44843
0.44843
0.44843
0.44843
0.44843
0.44843
0.44843
0.44843
0.44843
0.44843
0.44843
0.44843
0.44843
0.44843
0.44843
0.44843
0.44843
0.44843
0.44843
0.44843
0.44843
0.44843
0.44843
0.44843
0.44843
0.44843
0.44843
0.44843
0.44843
0.44843
0.44843
0.44843
0.44843
0.44843
0.44843
0.44843
0.44843
0.44843
0.44843
0.44843
0.44843
0.44843
0.44843
0.44843
0.44843
0.44843
0.44843
0.44843
0.44843
0.44843
0.44843
0.44843
0.44843
0.44843
0.44843
0.44843
0.44843
0.44843
0.44843
0.44843
0.44843
0.44843
0.44843
0.44843
0.44843
0.44843
0.44843
0.44843
0.44843
0.44843
0.44843
0.44843
0.44843
0.44843
0.44843
0.44843
0.44843
0.44843
0.44843
0.44843
0.44843
0.44843
0.44843
0.44843
0.44843
0.44843
0.44843
0.44843
0.44843
0.44843
0.44843
0.44843
0.44843
0.44843
0.44843
0.44843
0.44843
0.44843
0.44843
0.44843
0.44843
0.44843
0.44843
0.44843
0.44843
0.44843
0.44843
0.44843
0.44843
0.44843
0.44843
0.44843
0.44843
0.44843
0.44843
0.44843
0.44843
0.44843
0.44843
0.44843
0.44843
0.44843
0.44843
0.44843
0.44843
0.44843
0.44843
0.44843
0.44843
0.44843
0.44843
0.44843
0.44843
0.44843
0.44843
0.44843
0.44843
0.44843
0.44843
0.44843
0.44843
0.44843
0.44843
0.44843
0.44843
0.44843
0.44843
0.44843
0.44843
0.44843
0.44843
0.44843
0.44843
0.44843
0.44843
0.44843
0.44843
0.44843
0.44843
0.44843
0.44843
0.44843
0.44843
0.44843
0.44843
0.44843
0.44843
0.44843
0.44843
0.44843
0.44843
0.44843
0.44843
0.44843
0.44843
0.44843
0.44843
0.44843
0.44843
0.44843
0.44843
0.44843
0.44843
0.44843
0.44843
0.44843
0.44843
0.44843
0.44843
0.44843
0.44843
)
;

boundaryField
{
    fixedWall
    {
        type            zeroGradient;
    }
    outlet
    {
        type            inletOutlet;
        inletValue      uniform 0;
        value           uniform 0.44843;
    }
    defaultFaces
    {
        type            empty;
    }
}


// ************************************************************************* //
