/*--------------------------------*- C++ -*----------------------------------*\
| =========                 |                                                 |
| \\      /  F ield         | OpenFOAM: The Open Source CFD Toolbox           |
|  \\    /   O peration     | Version:  2406                                  |
|   \\  /    A nd           | Website:  www.openfoam.com                      |
|    \\/     M anipulation  |                                                 |
\*---------------------------------------------------------------------------*/
FoamFile
{
    version     2.0;
    format      ascii;
    arch        "LSB;label=32;scalar=64";
    class       volScalarField;
    location    "9.9";
    object      CO2;
}
// * * * * * * * * * * * * * * * * * * * * * * * * * * * * * * * * * * * * * //

dimensions      [0 0 0 0 0 0 0];

internalField   nonuniform List<scalar> 
1000
(
0.070926
0.070926
0.0709261
0.0709261
0.0709261
0.0709261
0.0709261
0.0709261
0.0709261
0.0709261
0.0709261
0.0709261
0.0709261
0.0709261
0.0709261
0.0709261
0.0709261
0.0709262
0.0709262
0.0709262
0.0709262
0.0709262
0.0709262
0.0709262
0.0709262
0.0709262
0.0709262
0.0709263
0.0709263
0.0709263
0.0709263
0.0709263
0.0709263
0.0709263
0.0709263
0.0709263
0.0709263
0.0709264
0.0709264
0.0709264
0.0709264
0.0709264
0.0709264
0.0709264
0.0709264
0.0709264
0.0709264
0.0709264
0.0709265
0.0709265
0.0709265
0.0709265
0.0709265
0.0709265
0.0709265
0.0709265
0.0709265
0.0709265
0.0709265
0.0709265
0.0709265
0.0709265
0.0709266
0.0709266
0.0709266
0.0709266
0.0709266
0.0709266
0.0709266
0.0709266
0.0709266
0.0709266
0.0709266
0.0709266
0.0709266
0.0709266
0.0709266
0.0709266
0.0709266
0.0709266
0.0709266
0.0709266
0.0709266
0.0709266
0.0709266
0.0709267
0.0709267
0.0709267
0.0709267
0.0709267
0.0709267
0.0709267
0.0709267
0.0709267
0.0709267
0.0709267
0.0709267
0.0709267
0.0709267
0.0709267
0.0709267
0.0709267
0.0709267
0.0709267
0.0709267
0.0709267
0.0709267
0.0709267
0.0709267
0.0709267
0.0709267
0.0709267
0.0709267
0.0709267
0.0709267
0.0709267
0.0709267
0.0709267
0.0709267
0.0709267
0.0709267
0.0709267
0.0709267
0.0709267
0.0709267
0.0709267
0.0709267
0.0709267
0.0709267
0.0709267
0.0709267
0.0709267
0.0709267
0.0709267
0.0709267
0.0709267
0.0709267
0.0709267
0.0709267
0.0709267
0.0709267
0.0709267
0.0709267
0.0709267
0.0709267
0.0709267
0.0709267
0.0709267
0.0709267
0.0709267
0.0709267
0.0709267
0.0709267
0.0709267
0.0709267
0.0709267
0.0709267
0.0709267
0.0709267
0.0709267
0.0709267
0.0709267
0.0709267
0.0709267
0.0709267
0.0709267
0.0709267
0.0709267
0.0709267
0.0709267
0.0709267
0.0709267
0.0709267
0.0709267
0.0709267
0.0709267
0.0709267
0.0709267
0.0709267
0.0709267
0.0709267
0.0709267
0.0709267
0.0709267
0.0709267
0.0709267
0.0709267
0.0709267
0.0709267
0.0709267
0.0709267
0.0709267
0.0709267
0.0709267
0.0709267
0.0709267
0.0709267
0.0709267
0.0709267
0.0709267
0.0709267
0.0709267
0.0709267
0.0709267
0.0709267
0.0709267
0.0709267
0.0709267
0.0709267
0.0709267
0.0709267
0.0709267
0.0709267
0.0709267
0.0709267
0.0709267
0.0709267
0.0709267
0.0709267
0.0709267
0.0709267
0.0709267
0.0709267
0.0709267
0.0709267
0.0709267
0.0709267
0.0709267
0.0709267
0.0709267
0.0709267
0.0709267
0.0709267
0.0709267
0.0709267
0.0709267
0.0709267
0.0709267
0.0709267
0.0709267
0.0709267
0.0709267
0.0709267
0.0709267
0.0709267
0.0709267
0.0709267
0.0709267
0.0709267
0.0709267
0.0709267
0.0709267
0.0709267
0.0709267
0.0709267
0.0709267
0.0709267
0.0709267
0.0709267
0.0709267
0.0709267
0.0709267
0.0709267
0.0709267
0.0709267
0.0709267
0.0709267
0.0709267
0.0709267
0.0709267
0.0709267
0.0709267
0.0709267
0.0709267
0.0709267
0.0709267
0.0709267
0.0709267
0.0709267
0.0709267
0.0709267
0.0709267
0.0709267
0.0709267
0.0709267
0.0709267
0.0709267
0.0709267
0.0709267
0.0709267
0.0709267
0.0709267
0.0709267
0.0709267
0.0709267
0.0709267
0.0709267
0.0709267
0.0709267
0.0709267
0.0709267
0.0709267
0.0709267
0.0709267
0.0709267
0.0709267
0.0709267
0.0709267
0.0709267
0.0709267
0.0709267
0.0709267
0.0709267
0.0709267
0.0709267
0.0709267
0.0709267
0.0709267
0.0709267
0.0709267
0.0709267
0.0709267
0.0709267
0.0709267
0.0709267
0.0709267
0.0709267
0.0709267
0.0709267
0.0709267
0.0709267
0.0709267
0.0709267
0.0709267
0.0709267
0.0709267
0.0709267
0.0709267
0.0709267
0.0709267
0.0709267
0.0709267
0.0709267
0.0709267
0.0709267
0.0709267
0.0709267
0.0709267
0.0709267
0.0709267
0.0709267
0.0709267
0.0709267
0.0709267
0.0709267
0.0709267
0.0709267
0.0709267
0.0709267
0.0709267
0.0709267
0.0709267
0.0709267
0.0709267
0.0709267
0.0709267
0.0709267
0.0709267
0.0709267
0.0709267
0.0709267
0.0709267
0.0709267
0.0709267
0.0709267
0.0709267
0.0709267
0.0709267
0.0709267
0.0709267
0.0709267
0.0709267
0.0709267
0.0709267
0.0709267
0.0709267
0.0709267
0.0709267
0.0709267
0.0709267
0.0709267
0.0709267
0.0709267
0.0709267
0.0709267
0.0709267
0.0709267
0.0709267
0.0709267
0.0709267
0.0709267
0.0709267
0.0709267
0.0709267
0.0709267
0.0709267
0.0709267
0.0709267
0.0709267
0.0709267
0.0709267
0.0709267
0.0709267
0.0709267
0.0709267
0.0709267
0.0709267
0.0709267
0.0709267
0.0709267
0.0709267
0.0709267
0.0709267
0.0709267
0.0709267
0.0709267
0.0709267
0.0709267
0.0709267
0.0709267
0.0709267
0.0709267
0.0709267
0.0709267
0.0709267
0.0709267
0.0709267
0.0709267
0.0709267
0.0709267
0.0709267
0.0709267
0.0709267
0.0709267
0.0709267
0.0709267
0.0709267
0.0709267
0.0709267
0.0709267
0.0709267
0.0709267
0.0709267
0.0709267
0.0709267
0.0709267
0.0709267
0.0709267
0.0709267
0.0709267
0.0709267
0.0709267
0.0709267
0.0709267
0.0709267
0.0709267
0.0709267
0.0709267
0.0709267
0.0709267
0.0709267
0.0709267
0.0709267
0.0709267
0.0709267
0.0709267
0.0709267
0.0709267
0.0709267
0.0709267
0.0709267
0.0709267
0.0709267
0.0709267
0.0709267
0.0709267
0.0709267
0.0709267
0.0709267
0.0709267
0.0709267
0.0709267
0.0709267
0.0709267
0.0709267
0.0709267
0.0709267
0.0709267
0.0709267
0.0709267
0.0709267
0.0709267
0.0709267
0.0709267
0.0709267
0.0709267
0.0709267
0.0709267
0.0709267
0.0709267
0.0709267
0.0709267
0.0709267
0.0709267
0.0709267
0.0709267
0.0709267
0.0709267
0.0709267
0.0709267
0.0709267
0.0709267
0.0709267
0.0709267
0.0709267
0.0709267
0.0709267
0.0709267
0.0709267
0.0709267
0.0709267
0.0709267
0.0709267
0.0709267
0.0709267
0.0709267
0.0709267
0.0709267
0.0709267
0.0709267
0.0709267
0.0709267
0.0709267
0.0709267
0.0709267
0.0709267
0.0709267
0.0709267
0.0709267
0.0709267
0.0709267
0.0709267
0.0709267
0.0709267
0.0709267
0.0709267
0.0709267
0.0709267
0.0709267
0.0709267
0.0709267
0.0709267
0.0709267
0.0709267
0.0709267
0.0709267
0.0709267
0.0709267
0.0709267
0.0709267
0.0709267
0.0709267
0.0709267
0.0709267
0.0709267
0.0709267
0.0709267
0.0709266
0.0709266
0.0709266
0.0709266
0.0709266
0.0709266
0.0709266
0.0709266
0.0709266
0.0709266
0.0709266
0.0709266
0.0709266
0.0709266
0.0709266
0.0709266
0.0709266
0.0709266
0.0709266
0.0709266
0.0709266
0.0709266
0.0709266
0.0709266
0.0709266
0.0709266
0.0709266
0.0709266
0.0709266
0.0709266
0.0709266
0.0709266
0.0709266
0.0709266
0.0709266
0.0709266
0.0709266
0.0709266
0.0709266
0.0709266
0.0709266
0.0709266
0.0709266
0.0709266
0.0709266
0.0709266
0.0709266
0.0709266
0.0709266
0.0709266
0.0709266
0.0709266
0.0709266
0.0709266
0.0709266
0.0709266
0.0709266
0.0709266
0.0709266
0.0709266
0.0709266
0.0709266
0.0709266
0.0709266
0.0709266
0.0709266
0.0709266
0.0709266
0.0709266
0.0709266
0.0709266
0.0709266
0.0709266
0.0709266
0.0709266
0.0709266
0.0709266
0.0709266
0.0709266
0.0709266
0.0709266
0.0709266
0.0709266
0.0709266
0.0709266
0.0709266
0.0709266
0.0709266
0.0709266
0.0709266
0.0709266
0.0709266
0.0709266
0.0709266
0.0709266
0.0709266
0.0709266
0.0709266
0.0709266
0.0709266
0.0709266
0.0709266
0.0709266
0.0709266
0.0709266
0.0709266
0.0709266
0.0709266
0.0709266
0.0709266
0.0709266
0.0709266
0.0709266
0.0709266
0.0709266
0.0709266
0.0709266
0.0709266
0.0709266
0.0709266
0.0709266
0.0709266
0.0709266
0.0709266
0.0709266
0.0709266
0.0709266
0.0709266
0.0709266
0.0709266
0.0709266
0.0709266
0.0709266
0.0709266
0.0709266
0.0709266
0.0709266
0.0709266
0.0709266
0.0709266
0.0709266
0.0709266
0.0709266
0.0709266
0.0709266
0.0709266
0.0709266
0.0709266
0.0709266
0.0709266
0.0709266
0.0709266
0.0709266
0.0709266
0.0709266
0.0709266
0.0709266
0.0709266
0.0709266
0.0709266
0.0709266
0.0709266
0.0709266
0.0709266
0.0709266
0.0709266
0.0709266
0.0709266
0.0709266
0.0709266
0.0709266
0.0709266
0.0709266
0.0709266
0.0709266
0.0709266
0.0709266
0.0709266
0.0709266
0.0709266
0.0709266
0.0709266
0.0709266
0.0709266
0.0709266
0.0709266
0.0709266
0.0709266
0.0709266
0.0709266
0.0709266
0.0709266
0.0709266
0.0709266
0.0709266
0.0709266
0.0709266
0.0709266
0.0709266
0.0709266
0.0709266
0.0709266
0.0709266
0.0709266
0.0709266
0.0709266
0.0709266
0.0709266
0.0709266
0.0709266
0.0709266
0.0709266
0.0709266
0.0709266
0.0709266
0.0709266
0.0709266
0.0709266
0.0709266
0.0709266
0.0709266
0.0709266
0.0709266
0.0709266
0.0709266
0.0709266
0.0709266
0.0709266
0.0709266
0.0709266
0.0709266
0.0709266
0.0709266
0.0709266
0.0709266
0.0709266
0.0709266
0.0709266
0.0709266
0.0709266
0.0709266
0.0709265
0.0709265
0.0709265
0.0709265
0.0709265
0.0709265
0.0709265
0.0709265
0.0709265
0.0709265
0.0709264
0.0709264
0.0709264
0.0709264
0.0709263
0.0709263
0.0709263
0.0709262
0.0709262
0.0709261
0.070926
0.070926
0.0709259
0.0709258
0.0709257
0.0709256
0.0709254
0.0709253
0.0709251
0.0709249
0.0709247
0.0709245
0.0709242
0.0709239
0.0709235
0.0709232
0.0709228
0.0709223
0.0709218
0.0709212
0.0709205
0.0709198
0.070919
0.0709181
0.0709171
0.070916
0.0709147
0.0709133
0.0709118
0.0709101
0.0709083
0.0709062
0.0709039
0.0709014
0.0708986
0.0708955
0.0708921
0.0708884
0.0708843
0.0708797
0.0708747
0.0708693
0.0708633
0.0708566
0.0708494
0.0708415
0.0708328
0.0708233
0.0708129
0.0708016
0.0707892
0.0707756
0.0707609
0.0707449
0.0707274
0.0707084
0.0706877
0.0706653
0.0706409
0.0706145
0.0705859
0.0705548
0.0705213
0.070485
0.0704458
0.0704035
0.0703578
0.0703085
0.0702555
0.0701984
0.070137
0.0700709
0.07
0.0699239
0.0698423
0.0697548
0.0696611
0.0695609
0.0694538
0.0693393
0.0692171
0.0690867
0.0689477
0.0687997
0.0686422
0.0684747
0.0682967
0.0681077
0.0679072
0.0676946
0.0674694
0.0672311
0.066979
0.0667125
0.0664312
0.0661343
0.0658213
0.0654916
0.0651445
0.0647795
0.0643958
0.0639929
0.0635702
0.0631271
0.0626629
0.062177
0.0616689
0.0611379
0.0605836
0.0600053
0.0594025
0.0587748
0.0581217
0.0574427
0.0567374
0.0560054
0.0552464
0.05446
0.0536461
0.0528045
0.0519348
0.0510371
0.0501113
0.0491574
0.0481755
0.0471656
0.0461281
0.0450632
0.0439712
0.0428525
0.0417076
0.0405372
0.0393481
0.0381512
0.0369081
0.0356426
0.0343558
0.0330486
0.031722
0.0303775
0.0290163
0.0276399
0.02625
0.0248482
0.0234363
0.0220163
0.0205902
0.0191601
0.0177285
0.0162979
0.0148709
0.0134504
0.0120397
0.0106423
0.00926194
0.00790296
0.00657012
0.00526884
0.00400524
0.00278632
0.00162011
0.000515797
)
;

boundaryField
{
    fixedWall
    {
        type            zeroGradient;
    }
    outlet
    {
        type            inletOutlet;
        inletValue      uniform 0;
        value           uniform 0;
    }
    defaultFaces
    {
        type            empty;
    }
}


// ************************************************************************* //
