/*--------------------------------*- C++ -*----------------------------------*\
| =========                 |                                                 |
| \\      /  F ield         | OpenFOAM: The Open Source CFD Toolbox           |
|  \\    /   O peration     | Version:  2406                                  |
|   \\  /    A nd           | Website:  www.openfoam.com                      |
|    \\/     M anipulation  |                                                 |
\*---------------------------------------------------------------------------*/
FoamFile
{
    version     2.0;
    format      ascii;
    arch        "LSB;label=32;scalar=64";
    class       volScalarField;
    location    "9.9";
    object      f_Bilger;
}
// * * * * * * * * * * * * * * * * * * * * * * * * * * * * * * * * * * * * * //

dimensions      [0 0 0 0 0 0 0];

internalField   nonuniform List<scalar> 
1000
(
0.454053
0.454053
0.454053
0.454053
0.454053
0.454053
0.454053
0.454053
0.454053
0.454053
0.454053
0.454053
0.454053
0.454053
0.454053
0.454053
0.454053
0.454053
0.454053
0.454053
0.454053
0.454053
0.454053
0.454053
0.454053
0.454053
0.454053
0.454053
0.454053
0.454053
0.454053
0.454053
0.454053
0.454053
0.454053
0.454053
0.454053
0.454053
0.454053
0.454053
0.454053
0.454053
0.454053
0.454053
0.454053
0.454053
0.454053
0.454053
0.454053
0.454053
0.454053
0.454053
0.454053
0.454053
0.454053
0.454053
0.454053
0.454053
0.454053
0.454053
0.454053
0.454053
0.454053
0.454053
0.454053
0.454053
0.454053
0.454053
0.454053
0.454053
0.454053
0.454053
0.454053
0.454053
0.454053
0.454053
0.454053
0.454053
0.454053
0.454053
0.454053
0.454053
0.454053
0.454053
0.454053
0.454053
0.454053
0.454053
0.454053
0.454053
0.454053
0.454053
0.454053
0.454053
0.454053
0.454053
0.454053
0.454053
0.454053
0.454053
0.454053
0.454053
0.454053
0.454053
0.454053
0.454053
0.454053
0.454053
0.454053
0.454053
0.454053
0.454053
0.454053
0.454053
0.454053
0.454053
0.454053
0.454053
0.454053
0.454053
0.454053
0.454053
0.454053
0.454053
0.454053
0.454053
0.454053
0.454053
0.454053
0.454053
0.454053
0.454053
0.454053
0.454053
0.454053
0.454053
0.454053
0.454053
0.454053
0.454053
0.454053
0.454053
0.454053
0.454053
0.454053
0.454053
0.454053
0.454053
0.454053
0.454053
0.454053
0.454053
0.454053
0.454053
0.454053
0.454053
0.454053
0.454053
0.454053
0.454053
0.454053
0.454053
0.454053
0.454053
0.454053
0.454053
0.454053
0.454053
0.454053
0.454053
0.454053
0.454053
0.454053
0.454053
0.454053
0.454053
0.454053
0.454053
0.454053
0.454053
0.454053
0.454053
0.454053
0.454053
0.454053
0.454053
0.454053
0.454053
0.454053
0.454053
0.454053
0.454053
0.454053
0.454053
0.454053
0.454053
0.454053
0.454053
0.454053
0.454053
0.454053
0.454053
0.454053
0.454053
0.454053
0.454053
0.454053
0.454053
0.454053
0.454053
0.454053
0.454053
0.454053
0.454053
0.454053
0.454053
0.454053
0.454053
0.454053
0.454053
0.454053
0.454053
0.454053
0.454053
0.454053
0.454053
0.454053
0.454053
0.454053
0.454053
0.454053
0.454053
0.454053
0.454053
0.454053
0.454053
0.454053
0.454053
0.454053
0.454053
0.454053
0.454053
0.454053
0.454053
0.454053
0.454053
0.454053
0.454053
0.454053
0.454053
0.454053
0.454053
0.454053
0.454053
0.454053
0.454053
0.454053
0.454053
0.454053
0.454053
0.454053
0.454053
0.454053
0.454053
0.454053
0.454053
0.454053
0.454053
0.454053
0.454053
0.454053
0.454053
0.454053
0.454053
0.454053
0.454053
0.454053
0.454053
0.454053
0.454053
0.454053
0.454053
0.454053
0.454053
0.454053
0.454053
0.454053
0.454053
0.454053
0.454053
0.454053
0.454053
0.454053
0.454053
0.454053
0.454053
0.454053
0.454053
0.454053
0.454053
0.454053
0.454053
0.454053
0.454053
0.454053
0.454053
0.454053
0.454053
0.454053
0.454053
0.454053
0.454053
0.454053
0.454053
0.454053
0.454053
0.454053
0.454053
0.454053
0.454053
0.454053
0.454053
0.454053
0.454053
0.454053
0.454053
0.454053
0.454053
0.454053
0.454053
0.454053
0.454053
0.454053
0.454053
0.454053
0.454053
0.454053
0.454053
0.454053
0.454053
0.454053
0.454053
0.454053
0.454053
0.454053
0.454053
0.454053
0.454053
0.454053
0.454053
0.454053
0.454053
0.454053
0.454053
0.454053
0.454053
0.454053
0.454053
0.454053
0.454053
0.454053
0.454053
0.454053
0.454053
0.454053
0.454053
0.454053
0.454053
0.454053
0.454053
0.454053
0.454053
0.454053
0.454053
0.454053
0.454053
0.454053
0.454053
0.454053
0.454053
0.454053
0.454053
0.454053
0.454053
0.454053
0.454053
0.454053
0.454053
0.454053
0.454053
0.454053
0.454053
0.454053
0.454053
0.454053
0.454053
0.454053
0.454053
0.454053
0.454053
0.454053
0.454053
0.454053
0.454053
0.454053
0.454053
0.454053
0.454053
0.454053
0.454053
0.454053
0.454053
0.454053
0.454053
0.454053
0.454053
0.454053
0.454053
0.454053
0.454053
0.454053
0.454053
0.454053
0.454053
0.454053
0.454053
0.454053
0.454053
0.454053
0.454053
0.454053
0.454053
0.454053
0.454053
0.454053
0.454053
0.454053
0.454053
0.454053
0.454053
0.454053
0.454053
0.454053
0.454053
0.454053
0.454053
0.454053
0.454053
0.454053
0.454053
0.454053
0.454053
0.454053
0.454053
0.454053
0.454053
0.454053
0.454053
0.454053
0.454053
0.454053
0.454053
0.454053
0.454053
0.454053
0.454053
0.454053
0.454053
0.454053
0.454053
0.454053
0.454053
0.454053
0.454053
0.454053
0.454053
0.454053
0.454053
0.454053
0.454053
0.454053
0.454053
0.454053
0.454053
0.454053
0.454053
0.454053
0.454053
0.454053
0.454053
0.454053
0.454053
0.454053
0.454053
0.454053
0.454053
0.454053
0.454053
0.454053
0.454053
0.454053
0.454053
0.454053
0.454053
0.454053
0.454053
0.454053
0.454053
0.454053
0.454053
0.454053
0.454053
0.454053
0.454053
0.454053
0.454053
0.454053
0.454053
0.454053
0.454053
0.454053
0.454053
0.454053
0.454053
0.454053
0.454053
0.454053
0.454053
0.454053
0.454053
0.454053
0.454053
0.454053
0.454053
0.454053
0.454053
0.454053
0.454053
0.454053
0.454053
0.454053
0.454053
0.454053
0.454053
0.454053
0.454053
0.454053
0.454053
0.454053
0.454053
0.454053
0.454053
0.454053
0.454053
0.454053
0.454053
0.454053
0.454053
0.454053
0.454053
0.454053
0.454053
0.454053
0.454053
0.454053
0.454053
0.454053
0.454053
0.454053
0.454053
0.454053
0.454053
0.454053
0.454053
0.454053
0.454053
0.454053
0.454053
0.454053
0.454053
0.454053
0.454053
0.454053
0.454053
0.454053
0.454053
0.454053
0.454053
0.454053
0.454053
0.454053
0.454053
0.454053
0.454053
0.454053
0.454053
0.454053
0.454053
0.454053
0.454053
0.454053
0.454053
0.454053
0.454053
0.454053
0.454053
0.454053
0.454053
0.454053
0.454053
0.454053
0.454053
0.454053
0.454053
0.454053
0.454053
0.454053
0.454053
0.454053
0.454053
0.454053
0.454053
0.454053
0.454053
0.454053
0.454053
0.454053
0.454053
0.454053
0.454053
0.454053
0.454053
0.454053
0.454053
0.454053
0.454053
0.454053
0.454053
0.454053
0.454053
0.454053
0.454053
0.454053
0.454053
0.454053
0.454053
0.454053
0.454053
0.454053
0.454053
0.454053
0.454053
0.454053
0.454053
0.454053
0.454053
0.454053
0.454053
0.454053
0.454053
0.454053
0.454053
0.454053
0.454053
0.454053
0.454053
0.454053
0.454053
0.454053
0.454053
0.454053
0.454053
0.454053
0.454053
0.454053
0.454053
0.454053
0.454053
0.454053
0.454053
0.454053
0.454053
0.454053
0.454053
0.454053
0.454053
0.454053
0.454053
0.454053
0.454053
0.454053
0.454053
0.454053
0.454053
0.454053
0.454053
0.454053
0.454053
0.454053
0.454053
0.454053
0.454053
0.454053
0.454053
0.454053
0.454053
0.454053
0.454053
0.454053
0.454053
0.454053
0.454053
0.454053
0.454053
0.454053
0.454053
0.454053
0.454053
0.454053
0.454053
0.454053
0.454053
0.454053
0.454053
0.454053
0.454053
0.454053
0.454053
0.454053
0.454053
0.454053
0.454053
0.454053
0.454053
0.454053
0.454053
0.454053
0.454053
0.454053
0.454053
0.454053
0.454053
0.454053
0.454053
0.454053
0.454053
0.454053
0.454053
0.454053
0.454053
0.454053
0.454053
0.454053
0.454053
0.454053
0.454053
0.454053
0.454053
0.454053
0.454053
0.454053
0.454053
0.454053
0.454053
0.454053
0.454053
0.454053
0.454053
0.454053
0.454053
0.454053
0.454053
0.454053
0.454053
0.454053
0.454053
0.454053
0.454053
0.454053
0.454053
0.454053
0.454053
0.454053
0.454053
0.454053
0.454053
0.454053
0.454053
0.454053
0.454053
0.454053
0.454053
0.454053
0.454053
0.454053
0.454053
0.454053
0.454053
0.454053
0.454053
0.454053
0.454053
0.454053
0.454053
0.454053
0.454053
0.454053
0.454053
0.454053
0.454053
0.454053
0.454053
0.454053
0.454053
0.454053
0.454053
0.454053
0.454053
0.454053
0.454053
0.454053
0.454053
0.454053
0.454052
0.454052
0.454052
0.454052
0.454052
0.454052
0.454052
0.454052
0.454052
0.454051
0.454051
0.454051
0.454051
0.45405
0.45405
0.45405
0.454049
0.454049
0.454048
0.454048
0.454047
0.454046
0.454046
0.454045
0.454043
0.454042
0.454041
0.454039
0.454038
0.454036
0.454034
0.454031
0.454029
0.454026
0.454022
0.454019
0.454015
0.45401
0.454005
0.453999
0.453993
0.453986
0.453978
0.45397
0.45396
0.45395
0.453938
0.453925
0.453911
0.453895
0.453878
0.453859
0.453838
0.453815
0.453789
0.453761
0.45373
0.453696
0.453659
0.453618
0.453574
0.453525
0.453471
0.453413
0.453349
0.453279
0.453203
0.45312
0.453029
0.452931
0.452824
0.452708
0.452581
0.452444
0.452295
0.452134
0.451959
0.45177
0.451566
0.451345
0.451106
0.450849
0.450572
0.450273
0.449951
0.449605
0.449233
0.448834
0.448405
0.447945
0.447453
0.446925
0.446361
0.445757
0.445112
0.444424
0.443689
0.442907
0.442073
0.441186
0.440242
0.439239
0.438175
0.437045
0.435848
0.434579
0.433237
0.431817
0.430316
0.428731
0.427059
0.425296
0.423439
0.421484
0.419427
0.417266
0.414997
0.412616
0.41012
0.407505
0.404768
0.401906
0.398915
0.395792
0.392535
0.389139
0.385604
0.381925
0.3781
0.374127
0.370004
0.365728
0.361299
0.356714
0.351973
0.347074
0.342017
0.336802
0.331429
0.325898
0.320209
0.314365
0.308366
0.302215
0.295913
0.289464
0.282871
0.276172
0.26943
0.262427
0.255299
0.24805
0.240686
0.233214
0.22564
0.217972
0.210218
0.202389
0.194492
0.186538
0.178539
0.170505
0.162449
0.154385
0.146325
0.138286
0.130285
0.122338
0.114465
0.106689
0.0990337
0.0915253
0.0841946
0.0770762
0.0702095
0.0636398
0.0574187
)
;

boundaryField
{
    fixedWall
    {
        type            calculated;
        value           uniform 0.454053;
    }
    outlet
    {
        type            calculated;
        value           uniform 0.054513;
    }
    defaultFaces
    {
        type            empty;
    }
}


// ************************************************************************* //
