/*--------------------------------*- C++ -*----------------------------------*\
| =========                 |                                                 |
| \\      /  F ield         | OpenFOAM: The Open Source CFD Toolbox           |
|  \\    /   O peration     | Version:  2406                                  |
|   \\  /    A nd           | Website:  www.openfoam.com                      |
|    \\/     M anipulation  |                                                 |
\*---------------------------------------------------------------------------*/
FoamFile
{
    version     2.0;
    format      ascii;
    arch        "LSB;label=32;scalar=64";
    class       volScalarField;
    location    "9.9";
    object      H2O;
}
// * * * * * * * * * * * * * * * * * * * * * * * * * * * * * * * * * * * * * //

dimensions      [0 0 0 0 0 0 0];

internalField   nonuniform List<scalar> 
1000
(
0.0580665
0.0580665
0.0580665
0.0580665
0.0580665
0.0580665
0.0580665
0.0580666
0.0580666
0.0580666
0.0580666
0.0580666
0.0580666
0.0580666
0.0580666
0.0580666
0.0580666
0.0580666
0.0580666
0.0580666
0.0580666
0.0580667
0.0580667
0.0580667
0.0580667
0.0580667
0.0580667
0.0580667
0.0580667
0.0580667
0.0580667
0.0580667
0.0580667
0.0580667
0.0580668
0.0580668
0.0580668
0.0580668
0.0580668
0.0580668
0.0580668
0.0580668
0.0580668
0.0580668
0.0580668
0.0580668
0.0580669
0.0580669
0.0580669
0.0580669
0.0580669
0.0580669
0.0580669
0.0580669
0.0580669
0.0580669
0.0580669
0.0580669
0.0580669
0.0580669
0.0580669
0.0580669
0.0580669
0.058067
0.058067
0.058067
0.058067
0.058067
0.058067
0.058067
0.058067
0.058067
0.058067
0.058067
0.058067
0.058067
0.058067
0.058067
0.058067
0.058067
0.058067
0.058067
0.058067
0.058067
0.058067
0.058067
0.058067
0.058067
0.058067
0.058067
0.058067
0.058067
0.058067
0.058067
0.058067
0.058067
0.058067
0.058067
0.058067
0.058067
0.0580671
0.0580671
0.0580671
0.0580671
0.0580671
0.0580671
0.0580671
0.0580671
0.0580671
0.0580671
0.0580671
0.0580671
0.0580671
0.0580671
0.0580671
0.0580671
0.0580671
0.0580671
0.0580671
0.0580671
0.0580671
0.0580671
0.0580671
0.0580671
0.0580671
0.0580671
0.0580671
0.0580671
0.0580671
0.0580671
0.0580671
0.0580671
0.0580671
0.0580671
0.0580671
0.0580671
0.0580671
0.0580671
0.0580671
0.0580671
0.0580671
0.0580671
0.0580671
0.0580671
0.0580671
0.0580671
0.0580671
0.0580671
0.0580671
0.0580671
0.0580671
0.0580671
0.0580671
0.0580671
0.0580671
0.0580671
0.0580671
0.0580671
0.0580671
0.0580671
0.0580671
0.0580671
0.0580671
0.0580671
0.0580671
0.0580671
0.0580671
0.0580671
0.0580671
0.0580671
0.0580671
0.0580671
0.0580671
0.0580671
0.0580671
0.0580671
0.0580671
0.0580671
0.0580671
0.0580671
0.0580671
0.0580671
0.0580671
0.0580671
0.0580671
0.0580671
0.0580671
0.0580671
0.0580671
0.0580671
0.0580671
0.0580671
0.0580671
0.0580671
0.0580671
0.0580671
0.0580671
0.0580671
0.0580671
0.0580671
0.0580671
0.0580671
0.0580671
0.0580671
0.0580671
0.0580671
0.0580671
0.0580671
0.0580671
0.0580671
0.0580671
0.0580671
0.0580671
0.0580671
0.0580671
0.0580671
0.0580671
0.0580671
0.0580671
0.0580671
0.0580671
0.0580671
0.0580671
0.0580671
0.0580671
0.0580671
0.0580671
0.0580671
0.0580671
0.0580671
0.0580671
0.0580671
0.0580671
0.0580671
0.0580671
0.0580671
0.0580671
0.0580671
0.0580671
0.0580671
0.0580671
0.0580671
0.0580671
0.0580671
0.0580671
0.0580671
0.0580671
0.0580671
0.0580671
0.0580671
0.0580671
0.0580671
0.0580671
0.0580671
0.0580671
0.0580671
0.0580671
0.0580671
0.0580671
0.0580671
0.0580671
0.0580671
0.0580671
0.0580671
0.0580671
0.0580671
0.0580671
0.0580671
0.0580671
0.0580671
0.0580671
0.0580671
0.0580671
0.0580671
0.0580671
0.0580671
0.0580671
0.0580671
0.0580671
0.0580671
0.0580671
0.0580671
0.0580671
0.0580671
0.0580671
0.0580671
0.0580671
0.0580671
0.0580671
0.0580671
0.0580671
0.0580671
0.0580671
0.0580671
0.0580671
0.0580671
0.0580671
0.0580671
0.0580671
0.0580671
0.0580671
0.0580671
0.0580671
0.0580671
0.0580671
0.0580671
0.0580671
0.0580671
0.0580671
0.0580671
0.0580671
0.0580671
0.0580671
0.0580671
0.0580671
0.0580671
0.0580671
0.0580671
0.0580671
0.0580671
0.0580671
0.0580671
0.0580671
0.0580671
0.0580671
0.0580671
0.0580671
0.0580671
0.0580671
0.0580671
0.0580671
0.0580671
0.0580671
0.0580671
0.0580671
0.0580671
0.0580671
0.0580671
0.0580671
0.0580671
0.0580671
0.0580671
0.0580671
0.0580671
0.0580671
0.0580671
0.0580671
0.0580671
0.0580671
0.0580671
0.0580671
0.0580671
0.0580671
0.0580671
0.0580671
0.0580671
0.0580671
0.0580671
0.0580671
0.0580671
0.0580671
0.0580671
0.0580671
0.0580671
0.0580671
0.0580671
0.0580671
0.0580671
0.0580671
0.0580671
0.0580671
0.0580671
0.0580671
0.0580671
0.0580671
0.0580671
0.0580671
0.0580671
0.0580671
0.0580671
0.0580671
0.0580671
0.0580671
0.0580671
0.0580671
0.0580671
0.0580671
0.058067
0.058067
0.058067
0.058067
0.058067
0.058067
0.058067
0.058067
0.058067
0.058067
0.058067
0.058067
0.058067
0.058067
0.058067
0.058067
0.058067
0.058067
0.058067
0.058067
0.058067
0.058067
0.058067
0.058067
0.058067
0.058067
0.058067
0.058067
0.058067
0.058067
0.058067
0.058067
0.058067
0.058067
0.058067
0.058067
0.058067
0.058067
0.058067
0.058067
0.058067
0.058067
0.058067
0.058067
0.058067
0.058067
0.058067
0.058067
0.058067
0.058067
0.058067
0.058067
0.058067
0.058067
0.058067
0.058067
0.058067
0.058067
0.058067
0.058067
0.058067
0.058067
0.058067
0.058067
0.058067
0.058067
0.058067
0.058067
0.058067
0.058067
0.058067
0.058067
0.058067
0.058067
0.058067
0.058067
0.058067
0.058067
0.058067
0.058067
0.058067
0.058067
0.058067
0.058067
0.058067
0.058067
0.058067
0.058067
0.058067
0.058067
0.058067
0.058067
0.058067
0.058067
0.058067
0.058067
0.058067
0.058067
0.058067
0.058067
0.058067
0.058067
0.058067
0.058067
0.058067
0.058067
0.058067
0.058067
0.058067
0.058067
0.058067
0.058067
0.058067
0.058067
0.058067
0.058067
0.058067
0.058067
0.058067
0.058067
0.058067
0.058067
0.058067
0.058067
0.058067
0.058067
0.058067
0.058067
0.058067
0.058067
0.058067
0.058067
0.058067
0.058067
0.058067
0.058067
0.058067
0.058067
0.058067
0.058067
0.058067
0.058067
0.058067
0.058067
0.058067
0.058067
0.058067
0.058067
0.058067
0.058067
0.058067
0.058067
0.058067
0.058067
0.058067
0.058067
0.058067
0.058067
0.058067
0.058067
0.058067
0.058067
0.058067
0.058067
0.058067
0.058067
0.058067
0.058067
0.058067
0.058067
0.058067
0.058067
0.058067
0.058067
0.058067
0.058067
0.058067
0.058067
0.058067
0.058067
0.058067
0.058067
0.058067
0.058067
0.058067
0.058067
0.058067
0.058067
0.058067
0.058067
0.058067
0.058067
0.058067
0.058067
0.058067
0.058067
0.058067
0.058067
0.058067
0.058067
0.058067
0.058067
0.058067
0.058067
0.058067
0.058067
0.058067
0.058067
0.058067
0.058067
0.058067
0.058067
0.058067
0.058067
0.058067
0.058067
0.058067
0.058067
0.058067
0.058067
0.058067
0.058067
0.058067
0.058067
0.058067
0.058067
0.058067
0.058067
0.058067
0.058067
0.058067
0.058067
0.058067
0.058067
0.058067
0.058067
0.058067
0.058067
0.058067
0.058067
0.058067
0.058067
0.058067
0.058067
0.058067
0.058067
0.058067
0.058067
0.058067
0.058067
0.058067
0.058067
0.058067
0.058067
0.058067
0.058067
0.058067
0.058067
0.058067
0.058067
0.058067
0.058067
0.058067
0.058067
0.058067
0.058067
0.058067
0.058067
0.058067
0.058067
0.058067
0.058067
0.058067
0.058067
0.058067
0.058067
0.058067
0.058067
0.058067
0.058067
0.058067
0.058067
0.058067
0.058067
0.058067
0.058067
0.058067
0.058067
0.058067
0.058067
0.058067
0.058067
0.058067
0.058067
0.058067
0.058067
0.058067
0.058067
0.058067
0.058067
0.058067
0.058067
0.058067
0.058067
0.058067
0.058067
0.058067
0.058067
0.058067
0.058067
0.058067
0.058067
0.058067
0.058067
0.058067
0.058067
0.058067
0.058067
0.058067
0.058067
0.058067
0.058067
0.058067
0.058067
0.058067
0.058067
0.058067
0.058067
0.058067
0.058067
0.058067
0.058067
0.058067
0.058067
0.058067
0.058067
0.058067
0.058067
0.058067
0.058067
0.058067
0.058067
0.058067
0.058067
0.058067
0.058067
0.058067
0.058067
0.058067
0.058067
0.058067
0.058067
0.058067
0.058067
0.058067
0.058067
0.058067
0.058067
0.058067
0.058067
0.058067
0.058067
0.058067
0.058067
0.058067
0.058067
0.058067
0.058067
0.058067
0.058067
0.058067
0.058067
0.058067
0.058067
0.058067
0.058067
0.058067
0.058067
0.058067
0.058067
0.058067
0.058067
0.058067
0.058067
0.058067
0.058067
0.058067
0.058067
0.058067
0.058067
0.058067
0.058067
0.058067
0.058067
0.058067
0.058067
0.058067
0.058067
0.058067
0.058067
0.058067
0.058067
0.058067
0.058067
0.058067
0.058067
0.058067
0.058067
0.058067
0.058067
0.058067
0.058067
0.058067
0.058067
0.058067
0.058067
0.058067
0.058067
0.058067
0.058067
0.058067
0.058067
0.058067
0.058067
0.058067
0.058067
0.058067
0.058067
0.058067
0.058067
0.0580669
0.0580669
0.0580669
0.0580669
0.0580669
0.0580669
0.0580669
0.0580669
0.0580669
0.0580669
0.0580669
0.0580668
0.0580668
0.0580668
0.0580668
0.0580668
0.0580667
0.0580667
0.0580667
0.0580666
0.0580666
0.0580665
0.0580665
0.0580664
0.0580663
0.0580662
0.0580661
0.058066
0.0580659
0.0580658
0.0580656
0.0580654
0.0580652
0.058065
0.0580648
0.0580645
0.0580642
0.0580638
0.0580634
0.058063
0.0580625
0.058062
0.0580614
0.0580607
0.05806
0.0580592
0.0580583
0.0580573
0.0580561
0.0580549
0.0580535
0.058052
0.0580503
0.0580484
0.0580463
0.0580441
0.0580415
0.0580388
0.0580357
0.0580323
0.0580286
0.0580245
0.05802
0.0580151
0.0580097
0.0580038
0.0579973
0.0579902
0.0579824
0.0579739
0.0579646
0.0579545
0.0579434
0.0579313
0.0579182
0.0579039
0.0578883
0.0578714
0.057853
0.0578331
0.0578115
0.057788
0.0577626
0.0577352
0.0577055
0.0576734
0.0576387
0.0576013
0.057561
0.0575176
0.0574708
0.0574205
0.0573665
0.0573084
0.0572461
0.0571793
0.0571076
0.057031
0.0569489
0.0568612
0.0567675
0.0566674
0.0565607
0.0564469
0.0563257
0.0561968
0.0560596
0.0559139
0.0557592
0.055595
0.055421
0.0552366
0.0550415
0.0548351
0.054617
0.0543866
0.0541436
0.0538873
0.0536174
0.0533332
0.0530344
0.0527203
0.0523905
0.0520444
0.0516816
0.0513015
0.0509038
0.0504878
0.0500531
0.0495992
0.0491258
0.0486323
0.0481184
0.0475837
0.0470278
0.0464504
0.0458511
0.0452297
0.044586
0.0439196
0.0432305
0.0425186
0.0417836
0.0410257
0.0402447
0.0394408
0.0386141
0.0377647
0.0368928
0.0359988
0.035083
0.0341457
0.0331874
0.0322139
0.0312341
0.0302163
0.0291803
0.0281268
0.0270566
0.0259705
0.0248698
0.0237554
0.0226286
0.0214907
0.020343
0.0191871
0.0180246
0.016857
0.0156862
0.0145142
0.0133429
0.0121746
0.0110117
0.00985682
0.00871275
0.00758267
0.00647008
0.0053789
0.00431355
0.00327905
0.00228114
0.00132637
0.000422279
)
;

boundaryField
{
    fixedWall
    {
        type            zeroGradient;
    }
    outlet
    {
        type            inletOutlet;
        inletValue      uniform 0;
        value           uniform 0;
    }
    defaultFaces
    {
        type            empty;
    }
}


// ************************************************************************* //
