/*--------------------------------*- C++ -*----------------------------------*\
| =========                 |                                                 |
| \\      /  F ield         | OpenFOAM: The Open Source CFD Toolbox           |
|  \\    /   O peration     | Version:  2406                                  |
|   \\  /    A nd           | Website:  www.openfoam.com                      |
|    \\/     M anipulation  |                                                 |
\*---------------------------------------------------------------------------*/
FoamFile
{
    version     2.0;
    format      ascii;
    arch        "LSB;label=32;scalar=64";
    class       volScalarField;
    location    "0.4";
    object      T;
}
// * * * * * * * * * * * * * * * * * * * * * * * * * * * * * * * * * * * * * //

dimensions      [0 0 0 1 0 0 0];

internalField   nonuniform List<scalar> 
1000
(
394.872
519.741
610.872
682.597
740.985
789.281
829.485
862.96
890.706
913.505
931.996
946.721
958.153
966.709
972.77
976.676
978.713
979.235
978.492
976.712
974.119
970.914
967.276
963.364
959.316
955.247
951.255
947.416
943.788
940.414
937.319
934.519
932.015
929.802
927.866
926.189
924.75
923.524
922.488
921.618
920.891
920.286
919.782
919.364
919.015
918.723
918.477
918.267
918.087
917.929
917.787
917.65
917.506
917.335
917.111
916.794
916.304
915.452
913.7
909.5
898.285
864.123
699.421
548.095
444.529
379.04
340.397
318.64
306.724
300.299
296.865
295.041
294.074
293.564
293.294
293.153
293.078
293.039
293.019
293.008
293.003
293
292.998
292.998
292.997
292.997
292.997
292.997
292.997
292.997
292.997
292.997
292.997
292.997
292.997
292.997
292.997
292.997
292.997
292.997
292.997
292.997
292.997
292.997
292.997
292.997
292.997
292.997
292.997
292.997
292.997
292.997
292.997
292.997
292.997
292.997
292.997
292.997
292.997
292.997
292.997
292.997
292.997
292.997
292.997
292.997
292.997
292.997
292.997
292.997
292.997
292.997
292.997
292.997
292.997
292.997
292.997
292.997
292.997
292.997
292.997
292.997
292.997
292.997
292.997
292.997
292.997
292.997
292.997
292.997
292.997
292.997
292.997
292.997
292.997
292.997
292.997
292.997
292.997
292.997
292.997
292.997
292.997
292.997
292.997
292.997
292.997
292.997
292.997
292.997
292.997
292.997
292.997
292.997
292.997
292.997
292.997
292.997
292.997
292.997
292.997
292.997
292.997
292.997
292.997
292.997
292.997
292.997
292.997
292.997
292.997
292.997
292.997
292.997
292.997
292.997
292.997
292.997
292.997
292.997
292.997
292.997
292.997
292.997
292.997
292.997
292.997
292.997
292.997
292.997
292.997
292.997
292.997
292.997
292.997
292.997
292.997
292.997
292.997
292.997
292.997
292.997
292.997
292.997
292.997
292.997
292.997
292.997
292.997
292.997
292.997
292.997
292.997
292.997
292.997
292.997
292.997
292.997
292.997
292.997
292.997
292.997
292.997
292.997
292.997
292.997
292.997
292.997
292.997
292.997
292.997
292.997
292.997
292.997
292.997
292.997
292.997
292.997
292.997
292.997
292.997
292.997
292.997
292.997
292.997
292.997
292.997
292.997
292.997
292.997
292.997
292.997
292.997
292.997
292.997
292.997
292.997
292.997
292.997
292.997
292.997
292.997
292.997
292.997
292.997
292.997
292.997
292.997
292.997
292.997
292.997
292.997
292.997
292.997
292.997
292.997
292.997
292.997
292.997
292.997
292.997
292.997
292.997
292.997
292.997
292.997
292.997
292.997
292.997
292.997
292.997
292.997
292.997
292.997
292.997
292.997
292.997
292.997
292.997
292.997
292.997
292.997
292.997
292.997
292.997
292.997
292.997
292.997
292.997
292.997
292.997
292.997
292.997
292.997
292.997
292.997
292.997
292.997
292.997
292.997
292.997
292.997
292.997
292.997
292.997
292.997
292.997
292.997
292.997
292.997
292.997
292.997
292.997
292.997
292.997
292.997
292.997
292.997
292.997
292.997
292.997
292.997
292.997
292.997
292.997
292.997
292.997
292.997
292.997
292.997
292.997
292.997
292.997
292.997
292.997
292.997
292.997
292.997
292.997
292.997
292.997
292.997
292.997
292.997
292.997
292.997
292.997
292.997
292.997
292.997
292.997
292.997
292.997
292.997
292.997
292.997
292.997
292.997
292.997
292.997
292.997
292.997
292.997
292.997
292.997
292.997
292.997
292.997
292.997
292.997
292.997
292.997
292.997
292.997
292.997
292.997
292.998
292.998
292.998
292.998
292.998
292.998
292.998
292.998
292.998
292.998
292.998
292.998
292.998
292.998
292.998
292.998
292.998
292.998
292.998
292.998
292.998
292.998
292.998
292.998
292.998
292.998
292.998
292.998
292.998
292.998
292.998
292.998
292.998
292.998
292.998
292.998
292.998
292.998
292.998
292.998
292.998
292.998
292.998
292.998
292.998
292.998
292.998
292.998
292.998
292.998
292.998
292.998
292.998
292.998
292.998
292.998
292.998
292.998
292.998
292.998
292.998
292.998
292.998
292.998
292.998
292.998
292.998
292.998
292.998
292.998
292.998
292.998
292.998
292.998
292.998
292.998
292.998
292.998
292.998
292.998
292.998
292.998
292.998
292.998
292.998
292.998
292.998
292.998
292.998
292.998
292.998
292.998
292.998
292.998
292.998
292.998
292.998
292.998
292.998
292.998
292.998
292.998
292.998
292.998
292.998
292.998
292.998
292.998
292.998
292.998
292.998
292.998
292.998
292.998
292.998
292.998
292.998
292.998
292.998
292.998
292.998
292.998
292.998
292.998
292.998
292.998
292.998
292.998
292.998
292.998
292.998
292.998
292.998
292.998
292.998
292.998
292.998
292.998
292.998
292.998
292.998
292.998
292.998
292.998
292.998
292.998
292.998
292.998
292.998
292.998
292.998
292.998
292.998
292.998
292.998
292.998
292.998
292.998
292.998
292.998
292.998
292.998
292.998
292.998
292.998
292.998
292.998
292.998
292.998
292.998
292.998
292.998
292.998
292.998
292.998
292.998
292.998
292.998
292.998
292.998
292.998
292.998
292.998
292.998
292.998
292.998
292.998
292.998
292.998
292.998
292.998
292.998
292.998
292.998
292.998
292.998
292.998
292.998
292.998
292.998
292.998
292.998
292.998
292.998
292.998
292.998
292.998
292.998
292.998
292.998
292.998
292.998
292.998
292.998
292.998
292.998
292.998
292.998
292.998
292.998
292.998
292.998
292.998
292.998
292.998
292.998
292.998
292.998
292.998
292.998
292.998
292.998
292.998
292.998
292.998
292.998
292.998
292.998
292.998
292.998
292.998
292.998
292.998
292.998
292.998
292.998
292.998
292.998
292.998
292.998
292.998
292.998
292.998
292.998
292.998
292.998
292.998
292.998
292.998
292.998
292.998
292.998
292.998
292.998
292.998
292.998
292.998
292.998
292.998
292.998
292.998
292.998
292.998
292.998
292.998
292.998
292.998
292.998
292.998
292.998
292.998
292.998
292.998
292.998
292.998
292.998
292.998
292.998
292.998
292.998
292.999
292.999
292.999
292.999
292.999
292.999
292.999
292.999
292.999
292.999
292.999
292.999
292.999
292.999
292.999
292.999
292.999
292.999
292.999
292.999
292.999
292.999
292.999
292.999
292.999
292.999
292.999
292.999
292.999
292.999
292.999
292.999
292.999
292.999
292.999
292.999
292.999
292.999
292.999
292.999
292.999
292.999
292.999
292.999
292.999
292.999
292.999
292.999
292.999
292.999
292.999
292.999
292.999
292.999
292.999
292.999
292.999
292.999
292.999
292.999
292.999
292.999
292.999
292.999
292.999
292.999
292.999
292.999
292.999
292.999
292.999
292.999
292.999
292.999
292.999
292.999
292.999
292.999
292.999
292.999
292.999
292.999
292.999
292.999
292.999
292.999
292.999
292.999
292.999
292.999
292.999
292.999
292.999
292.999
292.999
292.999
292.999
292.999
292.999
292.999
292.999
292.999
292.999
292.999
292.999
292.999
292.999
292.999
292.999
292.999
292.999
292.999
292.999
292.999
292.999
292.999
292.999
292.999
292.999
292.999
292.999
292.999
292.999
292.999
292.999
292.999
292.999
292.999
292.999
292.999
292.999
292.999
292.999
292.999
292.999
292.999
292.999
292.999
292.999
292.999
292.999
292.999
292.999
292.999
292.999
292.999
292.999
292.999
292.999
292.999
292.999
292.999
292.999
292.999
292.999
292.999
292.999
292.999
292.999
292.999
292.999
292.999
292.999
292.999
292.999
292.999
292.999
292.999
292.999
292.999
292.999
292.999
292.999
292.999
292.999
292.999
292.999
292.999
292.999
292.999
292.999
292.999
292.999
292.999
292.999
292.999
292.999
292.999
292.999
292.999
292.999
292.999
292.999
292.999
292.999
292.999
292.999
292.999
292.999
292.999
292.999
292.999
292.999
292.999
292.999
292.999
292.999
292.999
292.999
292.999
292.999
293
293
293
293
293
293
293
293
293
293
293
293
293
293
293
293
293
293
293
293
293
293
293
293
293
293
293
293
293
293
293
293
293
293
293
293
293
293
293
293
293
293
293
293
293
293
293
293
293
293
293
293
293
293
293
293
293
293
293
293
293
293
293
293
293
293
293
293
293
293
293
293
293
293
293
293
293
293
293
293
293
293
293
)
;

boundaryField
{
    fixedWall
    {
        type            fixedValue;
        value           uniform 293;
    }
    outlet
    {
        type            inletOutlet;
        inletValue      uniform 293;
        value           uniform 293;
    }
    defaultFaces
    {
        type            empty;
    }
}


// ************************************************************************* //
