/*--------------------------------*- C++ -*----------------------------------*\
| =========                 |                                                 |
| \\      /  F ield         | OpenFOAM: The Open Source CFD Toolbox           |
|  \\    /   O peration     | Version:  2406                                  |
|   \\  /    A nd           | Website:  www.openfoam.com                      |
|    \\/     M anipulation  |                                                 |
\*---------------------------------------------------------------------------*/
FoamFile
{
    version     2.0;
    format      ascii;
    arch        "LSB;label=32;scalar=64";
    class       volScalarField;
    location    "8.3";
    object      f_Bilger;
}
// * * * * * * * * * * * * * * * * * * * * * * * * * * * * * * * * * * * * * //

dimensions      [0 0 0 0 0 0 0];

internalField   nonuniform List<scalar> 
1000
(
0.454053
0.454053
0.454053
0.454053
0.454053
0.454053
0.454053
0.454053
0.454053
0.454053
0.454053
0.454053
0.454053
0.454053
0.454053
0.454053
0.454053
0.454053
0.454053
0.454053
0.454053
0.454053
0.454053
0.454053
0.454053
0.454053
0.454053
0.454053
0.454053
0.454053
0.454053
0.454053
0.454053
0.454053
0.454053
0.454053
0.454053
0.454053
0.454053
0.454053
0.454053
0.454053
0.454053
0.454053
0.454053
0.454053
0.454053
0.454053
0.454053
0.454053
0.454053
0.454053
0.454053
0.454053
0.454053
0.454053
0.454053
0.454053
0.454053
0.454053
0.454053
0.454053
0.454053
0.454053
0.454053
0.454053
0.454053
0.454053
0.454053
0.454053
0.454053
0.454053
0.454053
0.454053
0.454053
0.454053
0.454053
0.454053
0.454053
0.454053
0.454053
0.454053
0.454053
0.454053
0.454053
0.454053
0.454053
0.454053
0.454053
0.454053
0.454053
0.454053
0.454053
0.454053
0.454053
0.454053
0.454053
0.454053
0.454053
0.454053
0.454053
0.454053
0.454053
0.454053
0.454053
0.454053
0.454053
0.454053
0.454053
0.454053
0.454053
0.454053
0.454053
0.454053
0.454053
0.454053
0.454053
0.454053
0.454053
0.454053
0.454053
0.454053
0.454053
0.454053
0.454053
0.454053
0.454053
0.454053
0.454053
0.454053
0.454053
0.454053
0.454053
0.454053
0.454053
0.454053
0.454053
0.454053
0.454053
0.454053
0.454053
0.454053
0.454053
0.454053
0.454053
0.454053
0.454053
0.454053
0.454053
0.454053
0.454053
0.454053
0.454053
0.454053
0.454053
0.454053
0.454053
0.454053
0.454053
0.454053
0.454053
0.454053
0.454053
0.454053
0.454053
0.454053
0.454053
0.454053
0.454053
0.454053
0.454053
0.454053
0.454053
0.454053
0.454053
0.454053
0.454053
0.454053
0.454053
0.454053
0.454053
0.454053
0.454053
0.454053
0.454053
0.454053
0.454053
0.454053
0.454053
0.454053
0.454053
0.454053
0.454053
0.454053
0.454053
0.454053
0.454053
0.454053
0.454053
0.454053
0.454053
0.454053
0.454053
0.454053
0.454053
0.454053
0.454053
0.454053
0.454053
0.454053
0.454053
0.454053
0.454053
0.454053
0.454053
0.454053
0.454053
0.454053
0.454053
0.454053
0.454053
0.454053
0.454053
0.454053
0.454053
0.454053
0.454053
0.454053
0.454053
0.454053
0.454053
0.454053
0.454053
0.454053
0.454053
0.454053
0.454053
0.454053
0.454053
0.454053
0.454053
0.454053
0.454053
0.454053
0.454053
0.454053
0.454053
0.454053
0.454053
0.454053
0.454053
0.454053
0.454053
0.454053
0.454053
0.454053
0.454053
0.454053
0.454053
0.454053
0.454053
0.454053
0.454053
0.454053
0.454053
0.454053
0.454053
0.454053
0.454053
0.454053
0.454053
0.454053
0.454053
0.454053
0.454053
0.454053
0.454053
0.454053
0.454053
0.454053
0.454053
0.454053
0.454053
0.454053
0.454053
0.454053
0.454053
0.454053
0.454053
0.454053
0.454053
0.454053
0.454053
0.454053
0.454053
0.454053
0.454053
0.454053
0.454053
0.454053
0.454053
0.454053
0.454053
0.454053
0.454053
0.454053
0.454053
0.454053
0.454053
0.454053
0.454053
0.454053
0.454053
0.454053
0.454053
0.454053
0.454053
0.454053
0.454053
0.454053
0.454053
0.454053
0.454053
0.454053
0.454053
0.454053
0.454053
0.454053
0.454053
0.454053
0.454053
0.454053
0.454053
0.454053
0.454053
0.454053
0.454053
0.454053
0.454053
0.454053
0.454053
0.454053
0.454053
0.454053
0.454053
0.454053
0.454053
0.454053
0.454053
0.454053
0.454053
0.454053
0.454053
0.454053
0.454053
0.454053
0.454053
0.454053
0.454053
0.454053
0.454053
0.454053
0.454053
0.454053
0.454053
0.454053
0.454053
0.454053
0.454053
0.454053
0.454053
0.454053
0.454053
0.454053
0.454053
0.454053
0.454053
0.454053
0.454053
0.454053
0.454053
0.454053
0.454053
0.454053
0.454053
0.454053
0.454053
0.454053
0.454053
0.454053
0.454053
0.454053
0.454053
0.454053
0.454053
0.454053
0.454053
0.454053
0.454053
0.454053
0.454053
0.454053
0.454053
0.454053
0.454053
0.454053
0.454053
0.454053
0.454053
0.454053
0.454053
0.454053
0.454053
0.454053
0.454053
0.454053
0.454053
0.454053
0.454053
0.454053
0.454053
0.454053
0.454053
0.454053
0.454053
0.454053
0.454053
0.454053
0.454053
0.454053
0.454053
0.454053
0.454053
0.454053
0.454053
0.454053
0.454053
0.454053
0.454053
0.454053
0.454053
0.454053
0.454053
0.454053
0.454053
0.454053
0.454053
0.454053
0.454053
0.454053
0.454053
0.454053
0.454053
0.454053
0.454053
0.454053
0.454053
0.454053
0.454053
0.454053
0.454053
0.454053
0.454053
0.454053
0.454053
0.454053
0.454053
0.454053
0.454053
0.454053
0.454053
0.454053
0.454053
0.454053
0.454053
0.454053
0.454053
0.454053
0.454053
0.454053
0.454053
0.454053
0.454053
0.454053
0.454053
0.454053
0.454053
0.454053
0.454053
0.454053
0.454053
0.454053
0.454053
0.454053
0.454053
0.454053
0.454053
0.454053
0.454053
0.454053
0.454053
0.454053
0.454053
0.454053
0.454053
0.454053
0.454053
0.454053
0.454053
0.454053
0.454053
0.454053
0.454053
0.454053
0.454053
0.454053
0.454053
0.454053
0.454053
0.454053
0.454053
0.454053
0.454053
0.454053
0.454053
0.454053
0.454053
0.454053
0.454053
0.454053
0.454053
0.454053
0.454053
0.454053
0.454053
0.454053
0.454053
0.454053
0.454053
0.454053
0.454053
0.454053
0.454053
0.454053
0.454053
0.454053
0.454053
0.454053
0.454053
0.454053
0.454053
0.454053
0.454053
0.454053
0.454053
0.454053
0.454053
0.454053
0.454053
0.454053
0.454053
0.454053
0.454053
0.454053
0.454053
0.454053
0.454053
0.454053
0.454053
0.454053
0.454053
0.454053
0.454053
0.454053
0.454053
0.454053
0.454053
0.454053
0.454053
0.454053
0.454053
0.454053
0.454053
0.454053
0.454053
0.454053
0.454053
0.454053
0.454053
0.454053
0.454053
0.454053
0.454053
0.454053
0.454053
0.454053
0.454053
0.454053
0.454053
0.454053
0.454053
0.454053
0.454053
0.454053
0.454053
0.454053
0.454053
0.454053
0.454053
0.454053
0.454053
0.454053
0.454053
0.454053
0.454053
0.454053
0.454053
0.454053
0.454053
0.454053
0.454053
0.454053
0.454053
0.454053
0.454053
0.454053
0.454053
0.454053
0.454053
0.454053
0.454053
0.454053
0.454053
0.454053
0.454053
0.454053
0.454053
0.454053
0.454053
0.454053
0.454053
0.454053
0.454053
0.454053
0.454053
0.454053
0.454053
0.454053
0.454053
0.454053
0.454053
0.454053
0.454053
0.454053
0.454053
0.454053
0.454053
0.454053
0.454053
0.454053
0.454053
0.454053
0.454053
0.454053
0.454053
0.454053
0.454053
0.454053
0.454053
0.454053
0.454053
0.454053
0.454053
0.454053
0.454053
0.454053
0.454053
0.454053
0.454053
0.454053
0.454053
0.454053
0.454053
0.454053
0.454053
0.454053
0.454053
0.454053
0.454053
0.454053
0.454053
0.454053
0.454053
0.454053
0.454053
0.454053
0.454053
0.454053
0.454053
0.454053
0.454053
0.454053
0.454053
0.454053
0.454053
0.454053
0.454053
0.454053
0.454053
0.454053
0.454053
0.454053
0.454053
0.454053
0.454053
0.454053
0.454053
0.454053
0.454053
0.454053
0.454053
0.454053
0.454053
0.454053
0.454053
0.454053
0.454053
0.454053
0.454053
0.454053
0.454053
0.454053
0.454053
0.454053
0.454053
0.454053
0.454053
0.454053
0.454053
0.454053
0.454053
0.454053
0.454053
0.454053
0.454053
0.454053
0.454053
0.454053
0.454053
0.454053
0.454053
0.454053
0.454053
0.454053
0.454053
0.454053
0.454053
0.454053
0.454053
0.454053
0.454053
0.454053
0.454053
0.454053
0.454053
0.454053
0.454053
0.454053
0.454053
0.454053
0.454053
0.454053
0.454053
0.454053
0.454053
0.454053
0.454053
0.454053
0.454053
0.454053
0.454053
0.454053
0.454053
0.454053
0.454053
0.454053
0.454053
0.454053
0.454053
0.454053
0.454053
0.454053
0.454053
0.454053
0.454053
0.454053
0.454053
0.454053
0.454053
0.454053
0.454053
0.454053
0.454053
0.454053
0.454053
0.454053
0.454053
0.454053
0.454053
0.454053
0.454053
0.454053
0.454053
0.454053
0.454053
0.454053
0.454053
0.454053
0.454053
0.454053
0.454053
0.454053
0.454053
0.454053
0.454053
0.454053
0.454053
0.454053
0.454053
0.454053
0.454053
0.454053
0.454053
0.454053
0.454053
0.454053
0.454053
0.454053
0.454053
0.454053
0.454053
0.454053
0.454053
0.454053
0.454053
0.454053
0.454053
0.454053
0.454053
0.454053
0.454053
0.454053
0.454053
0.454053
0.454053
0.454053
0.454053
0.454053
0.454053
0.454053
0.454053
0.454053
0.454053
0.454053
0.454053
0.454052
0.454052
0.454052
0.454052
0.454052
0.454052
0.454052
0.454052
0.454051
0.454051
0.454051
0.45405
0.45405
0.454049
0.454049
0.454048
0.454047
0.454046
0.454045
0.454044
0.454042
0.454041
0.454039
0.454036
0.454034
0.45403
0.454027
0.454023
0.454018
0.454012
0.454006
0.453999
0.453991
0.453981
0.453971
0.453958
0.453944
0.453928
0.45391
0.453889
0.453865
0.453839
0.453808
0.453774
0.453735
0.453691
0.453642
0.453586
0.453523
0.453453
0.453373
0.453284
0.453185
0.453073
0.452948
0.452809
0.452654
0.452481
0.452288
0.452074
0.451837
0.451574
0.451283
0.450961
0.450605
0.450213
0.449781
0.449305
0.448783
0.448209
0.44758
0.446892
0.44614
0.445318
0.444422
0.443446
0.442384
0.441231
0.439979
0.438623
0.437156
0.435571
0.433859
0.432015
0.43003
0.427896
0.425605
0.423149
0.42052
0.417709
0.414708
0.411509
0.408102
0.404481
0.400637
0.396562
0.392248
0.387687
0.382874
0.377802
0.372463
0.366854
0.360969
0.354804
0.348357
0.341623
0.334603
0.327295
0.319701
0.311823
0.303663
0.295227
0.286533
0.277764
0.268561
0.259099
0.249393
0.239462
0.22932
0.218986
0.208478
0.197815
0.18702
0.176115
0.165127
0.154083
0.143015
0.131957
0.120946
0.110028
0.0992513
0.0886754
0.0783713
0.0684255
0.0589467
)
;

boundaryField
{
    fixedWall
    {
        type            calculated;
        value           uniform 0.454053;
    }
    outlet
    {
        type            calculated;
        value           uniform 0.054513;
    }
    defaultFaces
    {
        type            empty;
    }
}


// ************************************************************************* //
