/*--------------------------------*- C++ -*----------------------------------*\
| =========                 |                                                 |
| \\      /  F ield         | OpenFOAM: The Open Source CFD Toolbox           |
|  \\    /   O peration     | Version:  2406                                  |
|   \\  /    A nd           | Website:  www.openfoam.com                      |
|    \\/     M anipulation  |                                                 |
\*---------------------------------------------------------------------------*/
FoamFile
{
    version     2.0;
    format      ascii;
    arch        "LSB;label=32;scalar=64";
    class       volScalarField;
    location    "8.3";
    object      H2O;
}
// * * * * * * * * * * * * * * * * * * * * * * * * * * * * * * * * * * * * * //

dimensions      [0 0 0 0 0 0 0];

internalField   nonuniform List<scalar> 
1000
(
0.0580665
0.0580665
0.0580665
0.0580665
0.0580665
0.0580665
0.0580665
0.0580665
0.0580665
0.0580665
0.0580665
0.0580665
0.0580665
0.0580666
0.0580666
0.0580666
0.0580666
0.0580666
0.0580666
0.0580666
0.0580666
0.0580666
0.0580666
0.0580666
0.0580667
0.0580667
0.0580667
0.0580667
0.0580667
0.0580667
0.0580667
0.0580667
0.0580667
0.0580667
0.0580667
0.0580668
0.0580668
0.0580668
0.0580668
0.0580668
0.0580668
0.0580668
0.0580668
0.0580668
0.0580668
0.0580668
0.0580668
0.0580668
0.0580669
0.0580669
0.0580669
0.0580669
0.0580669
0.0580669
0.0580669
0.0580669
0.0580669
0.0580669
0.0580669
0.0580669
0.0580669
0.0580669
0.0580669
0.0580669
0.058067
0.058067
0.058067
0.058067
0.058067
0.058067
0.058067
0.058067
0.058067
0.058067
0.058067
0.058067
0.058067
0.058067
0.058067
0.058067
0.058067
0.058067
0.058067
0.058067
0.058067
0.058067
0.058067
0.058067
0.058067
0.058067
0.058067
0.058067
0.058067
0.058067
0.058067
0.058067
0.058067
0.058067
0.058067
0.058067
0.058067
0.058067
0.058067
0.058067
0.058067
0.058067
0.058067
0.058067
0.058067
0.058067
0.058067
0.058067
0.058067
0.058067
0.058067
0.058067
0.058067
0.058067
0.058067
0.058067
0.058067
0.058067
0.058067
0.058067
0.058067
0.058067
0.058067
0.058067
0.058067
0.058067
0.058067
0.058067
0.058067
0.058067
0.058067
0.058067
0.058067
0.058067
0.058067
0.058067
0.058067
0.058067
0.058067
0.058067
0.058067
0.058067
0.058067
0.058067
0.058067
0.058067
0.058067
0.058067
0.058067
0.058067
0.058067
0.058067
0.058067
0.058067
0.058067
0.058067
0.058067
0.058067
0.058067
0.058067
0.058067
0.058067
0.058067
0.058067
0.058067
0.058067
0.058067
0.058067
0.058067
0.058067
0.058067
0.058067
0.058067
0.058067
0.058067
0.058067
0.058067
0.058067
0.058067
0.058067
0.058067
0.058067
0.058067
0.058067
0.058067
0.058067
0.058067
0.058067
0.058067
0.058067
0.058067
0.058067
0.058067
0.058067
0.058067
0.058067
0.058067
0.058067
0.058067
0.058067
0.058067
0.058067
0.058067
0.058067
0.058067
0.058067
0.058067
0.058067
0.058067
0.058067
0.058067
0.058067
0.058067
0.058067
0.058067
0.058067
0.058067
0.058067
0.058067
0.058067
0.058067
0.058067
0.058067
0.058067
0.058067
0.058067
0.058067
0.058067
0.058067
0.058067
0.058067
0.058067
0.058067
0.058067
0.058067
0.058067
0.058067
0.058067
0.058067
0.058067
0.058067
0.058067
0.058067
0.058067
0.058067
0.058067
0.058067
0.058067
0.058067
0.058067
0.058067
0.058067
0.058067
0.058067
0.058067
0.058067
0.058067
0.058067
0.058067
0.058067
0.058067
0.058067
0.058067
0.058067
0.058067
0.058067
0.058067
0.058067
0.058067
0.058067
0.058067
0.058067
0.058067
0.058067
0.058067
0.058067
0.058067
0.058067
0.058067
0.058067
0.058067
0.058067
0.058067
0.058067
0.058067
0.058067
0.058067
0.058067
0.058067
0.058067
0.058067
0.058067
0.058067
0.058067
0.058067
0.058067
0.058067
0.058067
0.058067
0.058067
0.058067
0.058067
0.058067
0.058067
0.058067
0.058067
0.058067
0.058067
0.058067
0.058067
0.058067
0.058067
0.058067
0.058067
0.058067
0.058067
0.058067
0.058067
0.058067
0.058067
0.058067
0.058067
0.058067
0.058067
0.058067
0.058067
0.058067
0.058067
0.058067
0.058067
0.058067
0.058067
0.058067
0.058067
0.058067
0.058067
0.058067
0.058067
0.058067
0.058067
0.058067
0.058067
0.058067
0.058067
0.058067
0.058067
0.058067
0.058067
0.058067
0.058067
0.058067
0.058067
0.058067
0.058067
0.058067
0.058067
0.058067
0.058067
0.058067
0.058067
0.058067
0.058067
0.058067
0.058067
0.058067
0.058067
0.058067
0.058067
0.058067
0.058067
0.058067
0.058067
0.058067
0.058067
0.058067
0.058067
0.058067
0.058067
0.058067
0.058067
0.058067
0.058067
0.058067
0.058067
0.058067
0.058067
0.058067
0.058067
0.058067
0.058067
0.058067
0.058067
0.058067
0.058067
0.058067
0.058067
0.058067
0.058067
0.058067
0.058067
0.058067
0.058067
0.058067
0.058067
0.058067
0.058067
0.058067
0.058067
0.058067
0.058067
0.058067
0.058067
0.058067
0.058067
0.058067
0.058067
0.058067
0.058067
0.058067
0.058067
0.058067
0.058067
0.058067
0.058067
0.058067
0.058067
0.058067
0.058067
0.058067
0.058067
0.058067
0.058067
0.058067
0.058067
0.058067
0.058067
0.058067
0.058067
0.058067
0.058067
0.058067
0.058067
0.058067
0.058067
0.058067
0.058067
0.058067
0.058067
0.058067
0.058067
0.058067
0.058067
0.058067
0.058067
0.058067
0.058067
0.058067
0.058067
0.058067
0.058067
0.058067
0.058067
0.058067
0.058067
0.058067
0.058067
0.058067
0.058067
0.058067
0.058067
0.058067
0.058067
0.058067
0.058067
0.058067
0.058067
0.058067
0.058067
0.058067
0.058067
0.058067
0.058067
0.058067
0.058067
0.058067
0.058067
0.058067
0.058067
0.058067
0.058067
0.058067
0.058067
0.058067
0.058067
0.058067
0.058067
0.058067
0.058067
0.058067
0.058067
0.058067
0.058067
0.058067
0.058067
0.058067
0.058067
0.058067
0.058067
0.058067
0.058067
0.058067
0.058067
0.058067
0.058067
0.058067
0.058067
0.058067
0.058067
0.058067
0.058067
0.058067
0.058067
0.058067
0.058067
0.058067
0.058067
0.058067
0.058067
0.058067
0.058067
0.058067
0.058067
0.058067
0.058067
0.058067
0.058067
0.058067
0.058067
0.058067
0.058067
0.058067
0.058067
0.058067
0.058067
0.058067
0.058067
0.058067
0.058067
0.058067
0.058067
0.058067
0.058067
0.058067
0.058067
0.058067
0.058067
0.058067
0.058067
0.058067
0.058067
0.058067
0.058067
0.058067
0.058067
0.058067
0.058067
0.058067
0.058067
0.058067
0.058067
0.058067
0.058067
0.058067
0.058067
0.058067
0.058067
0.058067
0.058067
0.058067
0.058067
0.058067
0.058067
0.058067
0.058067
0.058067
0.058067
0.058067
0.058067
0.058067
0.058067
0.058067
0.058067
0.058067
0.058067
0.058067
0.058067
0.058067
0.058067
0.058067
0.058067
0.058067
0.058067
0.058067
0.058067
0.058067
0.058067
0.058067
0.058067
0.058067
0.058067
0.058067
0.058067
0.058067
0.058067
0.058067
0.058067
0.058067
0.058067
0.058067
0.058067
0.058067
0.058067
0.058067
0.058067
0.058067
0.058067
0.058067
0.058067
0.058067
0.058067
0.058067
0.058067
0.0580669
0.0580669
0.0580669
0.0580669
0.0580669
0.0580669
0.0580669
0.0580669
0.0580669
0.0580669
0.0580669
0.0580669
0.0580669
0.0580669
0.0580669
0.0580669
0.0580669
0.0580669
0.0580669
0.0580669
0.0580669
0.0580669
0.0580669
0.0580669
0.0580669
0.0580669
0.0580669
0.0580669
0.0580669
0.0580669
0.0580669
0.0580669
0.0580669
0.0580669
0.0580669
0.0580669
0.0580669
0.0580669
0.0580669
0.0580669
0.0580669
0.0580669
0.0580669
0.0580669
0.0580669
0.0580669
0.0580669
0.0580669
0.0580669
0.0580669
0.0580669
0.0580669
0.0580669
0.0580669
0.0580669
0.0580669
0.0580669
0.0580669
0.0580669
0.0580669
0.0580669
0.0580669
0.0580669
0.0580669
0.0580669
0.0580669
0.0580669
0.0580669
0.0580669
0.0580669
0.0580669
0.0580669
0.0580669
0.0580669
0.0580669
0.0580669
0.0580669
0.0580669
0.0580669
0.0580669
0.0580669
0.0580669
0.0580669
0.0580669
0.0580669
0.0580669
0.0580669
0.0580669
0.0580669
0.0580669
0.0580669
0.0580669
0.0580669
0.0580669
0.0580669
0.0580669
0.0580669
0.0580669
0.0580669
0.0580669
0.0580669
0.0580669
0.0580669
0.0580669
0.0580669
0.0580669
0.0580669
0.0580669
0.0580669
0.0580669
0.0580669
0.0580669
0.0580669
0.0580669
0.0580669
0.0580669
0.0580669
0.0580669
0.0580669
0.0580669
0.0580669
0.0580669
0.0580669
0.0580669
0.0580669
0.0580669
0.0580669
0.0580669
0.0580669
0.0580669
0.0580669
0.0580669
0.0580669
0.0580669
0.0580669
0.0580669
0.0580669
0.0580669
0.0580669
0.0580669
0.0580669
0.0580669
0.0580669
0.0580669
0.0580669
0.0580669
0.0580669
0.0580669
0.0580669
0.0580669
0.0580669
0.0580669
0.0580669
0.0580669
0.0580669
0.0580669
0.0580669
0.0580669
0.0580669
0.0580669
0.0580669
0.0580669
0.0580669
0.0580669
0.0580669
0.0580669
0.0580669
0.0580669
0.0580669
0.0580669
0.0580669
0.0580669
0.0580669
0.0580669
0.0580669
0.0580669
0.0580669
0.0580669
0.0580669
0.0580669
0.0580669
0.0580669
0.0580669
0.0580669
0.0580669
0.0580669
0.0580669
0.0580669
0.0580669
0.0580669
0.0580669
0.0580669
0.0580669
0.0580669
0.0580669
0.0580669
0.0580669
0.0580669
0.0580669
0.0580669
0.0580669
0.0580669
0.0580669
0.0580669
0.0580669
0.0580669
0.0580668
0.0580668
0.0580668
0.0580668
0.0580668
0.0580668
0.0580668
0.0580668
0.0580668
0.0580668
0.0580668
0.0580668
0.0580668
0.0580668
0.0580668
0.0580668
0.0580668
0.0580668
0.0580668
0.0580668
0.0580668
0.0580668
0.0580668
0.0580668
0.0580668
0.0580667
0.0580667
0.0580667
0.0580667
0.0580667
0.0580666
0.0580666
0.0580666
0.0580665
0.0580665
0.0580664
0.0580663
0.0580662
0.0580661
0.058066
0.0580659
0.0580657
0.0580655
0.0580653
0.058065
0.0580647
0.0580644
0.058064
0.0580635
0.058063
0.0580624
0.0580617
0.0580609
0.05806
0.058059
0.0580578
0.0580564
0.0580548
0.058053
0.058051
0.0580487
0.058046
0.058043
0.0580396
0.0580357
0.0580313
0.0580263
0.0580206
0.0580142
0.058007
0.0579989
0.0579898
0.0579795
0.057968
0.0579551
0.0579406
0.0579244
0.0579062
0.057886
0.0578634
0.0578383
0.0578103
0.0577792
0.0577447
0.0577065
0.0576642
0.0576173
0.0575656
0.0575086
0.0574458
0.0573767
0.0573007
0.0572174
0.057126
0.057026
0.0569166
0.0567972
0.0566669
0.056525
0.0563707
0.0562031
0.0560212
0.0558241
0.0556109
0.0553804
0.0551317
0.0548636
0.0545751
0.0542649
0.0539319
0.053575
0.0531928
0.0527843
0.0523481
0.0518831
0.0513881
0.0508617
0.050303
0.0497107
0.0490837
0.0484209
0.0477213
0.046984
0.0462082
0.0453929
0.0445376
0.0436416
0.0427045
0.0417258
0.0407055
0.0396435
0.0385397
0.0373947
0.0362088
0.0349828
0.0337191
0.0324447
0.0311072
0.029732
0.0283215
0.0268781
0.0254042
0.0239024
0.0223752
0.0208256
0.0192567
0.0176719
0.016075
0.01447
0.0128615
0.0112545
0.00965439
0.00806765
0.00650153
0.00496461
0.00346717
0.00202182
0.000644327
)
;

boundaryField
{
    fixedWall
    {
        type            zeroGradient;
    }
    outlet
    {
        type            inletOutlet;
        inletValue      uniform 0;
        value           uniform 0;
    }
    defaultFaces
    {
        type            empty;
    }
}


// ************************************************************************* //
