/*--------------------------------*- C++ -*----------------------------------*\
| =========                 |                                                 |
| \\      /  F ield         | OpenFOAM: The Open Source CFD Toolbox           |
|  \\    /   O peration     | Version:  2406                                  |
|   \\  /    A nd           | Website:  www.openfoam.com                      |
|    \\/     M anipulation  |                                                 |
\*---------------------------------------------------------------------------*/
FoamFile
{
    version     2.0;
    format      ascii;
    arch        "LSB;label=32;scalar=64";
    class       volScalarField;
    location    "7";
    object      CO2;
}
// * * * * * * * * * * * * * * * * * * * * * * * * * * * * * * * * * * * * * //

dimensions      [0 0 0 0 0 0 0];

internalField   nonuniform List<scalar> 
1000
(
0.0709259
0.0709259
0.0709259
0.0709259
0.070926
0.070926
0.070926
0.070926
0.070926
0.070926
0.070926
0.070926
0.070926
0.070926
0.070926
0.0709261
0.0709261
0.0709261
0.0709261
0.0709261
0.0709261
0.0709261
0.0709261
0.0709262
0.0709262
0.0709262
0.0709262
0.0709262
0.0709262
0.0709262
0.0709262
0.0709263
0.0709263
0.0709263
0.0709263
0.0709263
0.0709263
0.0709263
0.0709263
0.0709263
0.0709264
0.0709264
0.0709264
0.0709264
0.0709264
0.0709264
0.0709264
0.0709264
0.0709264
0.0709264
0.0709265
0.0709265
0.0709265
0.0709265
0.0709265
0.0709265
0.0709265
0.0709265
0.0709265
0.0709265
0.0709265
0.0709265
0.0709265
0.0709265
0.0709265
0.0709266
0.0709266
0.0709266
0.0709266
0.0709266
0.0709266
0.0709266
0.0709266
0.0709266
0.0709266
0.0709266
0.0709266
0.0709266
0.0709266
0.0709266
0.0709266
0.0709266
0.0709266
0.0709266
0.0709266
0.0709266
0.0709266
0.0709266
0.0709266
0.0709266
0.0709266
0.0709266
0.0709266
0.0709266
0.0709266
0.0709266
0.0709266
0.0709266
0.0709266
0.0709266
0.0709266
0.0709266
0.0709266
0.0709266
0.0709266
0.0709266
0.0709266
0.0709266
0.0709266
0.0709266
0.0709266
0.0709266
0.0709266
0.0709266
0.0709266
0.0709266
0.0709266
0.0709266
0.0709266
0.0709266
0.0709266
0.0709266
0.0709266
0.0709266
0.0709266
0.0709266
0.0709266
0.0709266
0.0709266
0.0709266
0.0709266
0.0709266
0.0709266
0.0709266
0.0709266
0.0709266
0.0709266
0.0709266
0.0709266
0.0709266
0.0709266
0.0709266
0.0709266
0.0709266
0.0709266
0.0709266
0.0709266
0.0709266
0.0709266
0.0709266
0.0709266
0.0709266
0.0709266
0.0709266
0.0709266
0.0709266
0.0709266
0.0709266
0.0709266
0.0709266
0.0709266
0.0709266
0.0709266
0.0709266
0.0709266
0.0709266
0.0709266
0.0709266
0.0709266
0.0709266
0.0709266
0.0709266
0.0709266
0.0709266
0.0709266
0.0709266
0.0709266
0.0709266
0.0709266
0.0709266
0.0709266
0.0709266
0.0709266
0.0709266
0.0709266
0.0709266
0.0709266
0.0709266
0.0709266
0.0709266
0.0709266
0.0709266
0.0709266
0.0709266
0.0709266
0.0709266
0.0709266
0.0709266
0.0709266
0.0709266
0.0709266
0.0709266
0.0709266
0.0709266
0.0709266
0.0709266
0.0709266
0.0709266
0.0709266
0.0709266
0.0709266
0.0709266
0.0709266
0.0709266
0.0709266
0.0709266
0.0709266
0.0709266
0.0709266
0.0709266
0.0709266
0.0709266
0.0709266
0.0709266
0.0709266
0.0709266
0.0709266
0.0709266
0.0709266
0.0709266
0.0709266
0.0709266
0.0709266
0.0709266
0.0709266
0.0709266
0.0709266
0.0709266
0.0709266
0.0709266
0.0709266
0.0709266
0.0709266
0.0709266
0.0709266
0.0709266
0.0709266
0.0709266
0.0709266
0.0709266
0.0709266
0.0709266
0.0709266
0.0709266
0.0709266
0.0709266
0.0709266
0.0709266
0.0709266
0.0709266
0.0709266
0.0709266
0.0709266
0.0709266
0.0709266
0.0709266
0.0709266
0.0709266
0.0709266
0.0709266
0.0709266
0.0709266
0.0709266
0.0709266
0.0709266
0.0709266
0.0709266
0.0709266
0.0709266
0.0709266
0.0709266
0.0709266
0.0709266
0.0709266
0.0709266
0.0709266
0.0709266
0.0709266
0.0709266
0.0709266
0.0709266
0.0709266
0.0709266
0.0709266
0.0709266
0.0709266
0.0709266
0.0709266
0.0709266
0.0709266
0.0709266
0.0709266
0.0709266
0.0709266
0.0709266
0.0709266
0.0709266
0.0709266
0.0709266
0.0709266
0.0709266
0.0709266
0.0709266
0.0709266
0.0709266
0.0709266
0.0709266
0.0709266
0.0709266
0.0709266
0.0709266
0.0709266
0.0709266
0.0709266
0.0709266
0.0709266
0.0709266
0.0709266
0.0709266
0.0709266
0.0709266
0.0709266
0.0709266
0.0709266
0.0709266
0.0709266
0.0709266
0.0709266
0.0709266
0.0709266
0.0709266
0.0709266
0.0709266
0.0709266
0.0709266
0.0709266
0.0709266
0.0709266
0.0709266
0.0709266
0.0709266
0.0709266
0.0709266
0.0709266
0.0709266
0.0709266
0.0709266
0.0709266
0.0709266
0.0709266
0.0709266
0.0709266
0.0709266
0.0709266
0.0709266
0.0709266
0.0709266
0.0709266
0.0709266
0.0709266
0.0709266
0.0709266
0.0709266
0.0709266
0.0709266
0.0709266
0.0709266
0.0709266
0.0709266
0.0709266
0.0709266
0.0709266
0.0709266
0.0709266
0.0709266
0.0709266
0.0709266
0.0709266
0.0709266
0.0709266
0.0709266
0.0709266
0.0709266
0.0709266
0.0709266
0.0709266
0.0709266
0.0709266
0.0709266
0.0709266
0.0709266
0.0709266
0.0709266
0.0709266
0.0709266
0.0709266
0.0709266
0.0709266
0.0709266
0.0709266
0.0709266
0.0709266
0.0709266
0.0709266
0.0709266
0.0709266
0.0709266
0.0709266
0.0709266
0.0709266
0.0709266
0.0709266
0.0709266
0.0709266
0.0709266
0.0709266
0.0709266
0.0709266
0.0709266
0.0709266
0.0709266
0.0709266
0.0709266
0.0709266
0.0709266
0.0709266
0.0709266
0.0709266
0.0709266
0.0709266
0.0709266
0.0709266
0.0709265
0.0709265
0.0709265
0.0709265
0.0709265
0.0709265
0.0709265
0.0709265
0.0709265
0.0709265
0.0709265
0.0709265
0.0709265
0.0709265
0.0709265
0.0709265
0.0709265
0.0709265
0.0709265
0.0709265
0.0709265
0.0709265
0.0709265
0.0709265
0.0709265
0.0709265
0.0709265
0.0709265
0.0709265
0.0709265
0.0709265
0.0709265
0.0709265
0.0709265
0.0709265
0.0709265
0.0709265
0.0709265
0.0709265
0.0709265
0.0709265
0.0709265
0.0709265
0.0709265
0.0709265
0.0709265
0.0709265
0.0709265
0.0709265
0.0709265
0.0709265
0.0709265
0.0709265
0.0709265
0.0709265
0.0709265
0.0709265
0.0709265
0.0709265
0.0709265
0.0709265
0.0709265
0.0709265
0.0709265
0.0709265
0.0709265
0.0709265
0.0709265
0.0709265
0.0709265
0.0709265
0.0709265
0.0709265
0.0709265
0.0709265
0.0709265
0.0709265
0.0709265
0.0709265
0.0709265
0.0709265
0.0709265
0.0709265
0.0709265
0.0709265
0.0709265
0.0709265
0.0709265
0.0709265
0.0709265
0.0709265
0.0709265
0.0709265
0.0709265
0.0709265
0.0709265
0.0709265
0.0709265
0.0709265
0.0709265
0.0709265
0.0709265
0.0709265
0.0709265
0.0709265
0.0709265
0.0709265
0.0709265
0.0709265
0.0709265
0.0709265
0.0709265
0.0709265
0.0709265
0.0709265
0.0709265
0.0709265
0.0709265
0.0709265
0.0709265
0.0709265
0.0709265
0.0709265
0.0709265
0.0709265
0.0709265
0.0709265
0.0709265
0.0709265
0.0709265
0.0709265
0.0709265
0.0709265
0.0709265
0.0709265
0.0709265
0.0709265
0.0709265
0.0709265
0.0709265
0.0709265
0.0709265
0.0709265
0.0709265
0.0709265
0.0709265
0.0709265
0.0709265
0.0709265
0.0709265
0.0709265
0.0709265
0.0709265
0.0709265
0.0709265
0.0709265
0.0709265
0.0709265
0.0709265
0.0709265
0.0709265
0.0709265
0.0709265
0.0709265
0.0709265
0.0709265
0.0709265
0.0709265
0.0709265
0.0709265
0.0709265
0.0709264
0.0709264
0.0709264
0.0709264
0.0709264
0.0709264
0.0709264
0.0709264
0.0709264
0.0709264
0.0709264
0.0709264
0.0709264
0.0709264
0.0709264
0.0709264
0.0709264
0.0709264
0.0709264
0.0709264
0.0709264
0.0709264
0.0709264
0.0709264
0.0709264
0.0709264
0.0709264
0.0709264
0.0709264
0.0709264
0.0709264
0.0709264
0.0709264
0.0709264
0.0709264
0.0709264
0.0709264
0.0709264
0.0709264
0.0709264
0.0709264
0.0709264
0.0709264
0.0709264
0.0709264
0.0709264
0.0709264
0.0709264
0.0709264
0.0709264
0.0709264
0.0709264
0.0709264
0.0709264
0.0709264
0.0709264
0.0709264
0.0709264
0.0709264
0.0709264
0.0709264
0.0709264
0.0709264
0.0709264
0.0709264
0.0709264
0.0709264
0.0709264
0.0709264
0.0709264
0.0709264
0.0709264
0.0709264
0.0709264
0.0709264
0.0709264
0.0709264
0.0709264
0.0709264
0.0709264
0.0709264
0.0709264
0.0709264
0.0709264
0.0709264
0.0709264
0.0709264
0.0709264
0.0709264
0.0709264
0.0709264
0.0709264
0.0709264
0.0709264
0.0709264
0.0709264
0.0709264
0.0709264
0.0709264
0.0709264
0.0709264
0.0709264
0.0709263
0.0709263
0.0709263
0.0709263
0.0709263
0.0709263
0.0709263
0.0709263
0.0709263
0.0709263
0.0709263
0.0709263
0.0709263
0.0709263
0.0709263
0.0709263
0.0709263
0.0709263
0.0709263
0.0709263
0.0709263
0.0709263
0.0709263
0.0709263
0.0709263
0.0709263
0.0709263
0.0709263
0.0709263
0.0709263
0.0709263
0.0709263
0.0709263
0.0709263
0.0709263
0.0709263
0.0709263
0.0709263
0.0709263
0.0709263
0.0709263
0.0709263
0.0709263
0.0709263
0.0709263
0.0709263
0.0709263
0.0709263
0.0709263
0.0709263
0.0709263
0.0709263
0.0709263
0.0709263
0.0709263
0.0709263
0.0709263
0.0709263
0.0709263
0.0709263
0.0709263
0.0709263
0.0709263
0.0709263
0.0709263
0.0709263
0.0709263
0.0709263
0.0709262
0.0709262
0.0709262
0.0709262
0.0709262
0.0709262
0.0709262
0.0709262
0.0709262
0.0709262
0.0709262
0.0709262
0.0709262
0.0709262
0.0709262
0.0709262
0.0709262
0.0709262
0.0709262
0.0709262
0.0709262
0.0709262
0.0709262
0.0709262
0.0709262
0.0709262
0.0709262
0.0709262
0.0709262
0.0709262
0.0709262
0.0709262
0.0709262
0.0709262
0.0709262
0.0709262
0.0709262
0.0709262
0.0709262
0.0709262
0.0709262
0.0709262
0.0709262
0.0709262
0.0709262
0.0709262
0.0709262
0.0709262
0.0709261
0.0709261
0.0709261
0.0709261
0.0709261
0.0709261
0.0709261
0.0709261
0.0709261
0.0709261
0.0709261
0.0709261
0.0709261
0.0709261
0.0709261
0.0709261
0.0709261
0.0709261
0.0709261
0.0709261
0.0709261
0.0709261
0.0709261
0.0709261
0.0709261
0.0709261
0.0709261
0.0709261
0.0709261
0.0709261
0.0709261
0.0709261
0.0709261
0.0709261
0.0709261
0.0709261
0.0709261
0.070926
0.070926
0.070926
0.070926
0.070926
0.070926
0.070926
0.070926
0.070926
0.070926
0.070926
0.070926
0.070926
0.070926
0.070926
0.070926
0.070926
0.070926
0.070926
0.070926
0.070926
0.070926
0.070926
0.070926
0.070926
0.070926
0.070926
0.070926
0.0709259
0.0709259
0.0709259
0.0709259
0.0709259
0.0709259
0.0709259
0.0709259
0.0709259
0.0709259
0.0709259
0.0709259
0.0709259
0.0709259
0.0709259
0.0709259
0.0709258
0.0709258
0.0709258
0.0709258
0.0709258
0.0709257
0.0709257
0.0709256
0.0709256
0.0709255
0.0709254
0.0709253
0.0709251
0.0709249
0.0709247
0.0709243
0.070924
0.0709235
0.0709229
0.0709221
0.0709212
0.07092
0.0709186
0.0709168
0.0709146
0.0709119
0.0709086
0.0709046
0.0708996
0.0708935
0.0708862
0.0708772
0.0708664
0.0708533
0.0708375
0.0708186
0.0707958
0.0707686
0.0707361
0.0706975
0.0706516
0.0705973
0.0705332
0.0704577
0.0703691
0.0702653
0.0701443
0.0700033
0.0698398
0.0696506
0.0694323
0.0691812
0.0688933
0.0685642
0.0681893
0.0677633
0.067281
0.0667367
0.0661244
0.0654379
0.0646708
0.0638166
0.0628686
0.0618202
0.0606649
0.0593965
0.0580089
0.0564966
0.0548546
0.0530786
0.0511653
0.049112
0.0469172
0.0445807
0.0421661
0.0396309
0.0368892
0.0340264
0.0310498
0.0279689
0.0247957
0.0215441
0.0182304
0.0148736
0.0114957
0.00812324
0.00478992
0.00154197
)
;

boundaryField
{
    fixedWall
    {
        type            zeroGradient;
    }
    outlet
    {
        type            inletOutlet;
        inletValue      uniform 0;
        value           uniform 0;
    }
    defaultFaces
    {
        type            empty;
    }
}


// ************************************************************************* //
