/*--------------------------------*- C++ -*----------------------------------*\
| =========                 |                                                 |
| \\      /  F ield         | OpenFOAM: The Open Source CFD Toolbox           |
|  \\    /   O peration     | Version:  2406                                  |
|   \\  /    A nd           | Website:  www.openfoam.com                      |
|    \\/     M anipulation  |                                                 |
\*---------------------------------------------------------------------------*/
FoamFile
{
    version     2.0;
    format      ascii;
    arch        "LSB;label=32;scalar=64";
    class       volScalarField;
    location    "9.2";
    object      CO2;
}
// * * * * * * * * * * * * * * * * * * * * * * * * * * * * * * * * * * * * * //

dimensions      [0 0 0 0 0 0 0];

internalField   nonuniform List<scalar> 
1000
(
0.070926
0.070926
0.070926
0.070926
0.070926
0.070926
0.070926
0.0709261
0.0709261
0.0709261
0.0709261
0.0709261
0.0709261
0.0709261
0.0709261
0.0709261
0.0709261
0.0709261
0.0709261
0.0709262
0.0709262
0.0709262
0.0709262
0.0709262
0.0709262
0.0709262
0.0709262
0.0709262
0.0709263
0.0709263
0.0709263
0.0709263
0.0709263
0.0709263
0.0709263
0.0709263
0.0709263
0.0709263
0.0709264
0.0709264
0.0709264
0.0709264
0.0709264
0.0709264
0.0709264
0.0709264
0.0709264
0.0709264
0.0709265
0.0709265
0.0709265
0.0709265
0.0709265
0.0709265
0.0709265
0.0709265
0.0709265
0.0709265
0.0709265
0.0709265
0.0709265
0.0709265
0.0709266
0.0709266
0.0709266
0.0709266
0.0709266
0.0709266
0.0709266
0.0709266
0.0709266
0.0709266
0.0709266
0.0709266
0.0709266
0.0709266
0.0709266
0.0709266
0.0709266
0.0709266
0.0709266
0.0709266
0.0709266
0.0709266
0.0709266
0.0709266
0.0709266
0.0709267
0.0709267
0.0709267
0.0709267
0.0709267
0.0709267
0.0709267
0.0709267
0.0709267
0.0709267
0.0709267
0.0709267
0.0709267
0.0709267
0.0709267
0.0709267
0.0709267
0.0709267
0.0709267
0.0709267
0.0709267
0.0709267
0.0709267
0.0709267
0.0709267
0.0709267
0.0709267
0.0709267
0.0709267
0.0709267
0.0709267
0.0709267
0.0709267
0.0709267
0.0709267
0.0709267
0.0709267
0.0709267
0.0709267
0.0709267
0.0709267
0.0709267
0.0709267
0.0709267
0.0709267
0.0709267
0.0709267
0.0709267
0.0709267
0.0709267
0.0709267
0.0709267
0.0709267
0.0709267
0.0709267
0.0709267
0.0709267
0.0709267
0.0709267
0.0709267
0.0709267
0.0709267
0.0709267
0.0709267
0.0709267
0.0709267
0.0709267
0.0709267
0.0709267
0.0709267
0.0709267
0.0709267
0.0709267
0.0709267
0.0709267
0.0709267
0.0709267
0.0709267
0.0709267
0.0709267
0.0709267
0.0709267
0.0709267
0.0709267
0.0709267
0.0709267
0.0709267
0.0709267
0.0709267
0.0709267
0.0709267
0.0709267
0.0709267
0.0709267
0.0709267
0.0709267
0.0709267
0.0709267
0.0709267
0.0709267
0.0709267
0.0709267
0.0709267
0.0709267
0.0709267
0.0709267
0.0709267
0.0709267
0.0709267
0.0709267
0.0709267
0.0709267
0.0709267
0.0709267
0.0709267
0.0709267
0.0709267
0.0709267
0.0709267
0.0709267
0.0709267
0.0709267
0.0709267
0.0709267
0.0709267
0.0709267
0.0709267
0.0709267
0.0709267
0.0709267
0.0709267
0.0709267
0.0709267
0.0709267
0.0709267
0.0709267
0.0709267
0.0709267
0.0709267
0.0709267
0.0709267
0.0709267
0.0709267
0.0709267
0.0709267
0.0709267
0.0709267
0.0709267
0.0709267
0.0709267
0.0709267
0.0709267
0.0709267
0.0709267
0.0709267
0.0709267
0.0709267
0.0709267
0.0709267
0.0709267
0.0709267
0.0709267
0.0709267
0.0709267
0.0709267
0.0709267
0.0709267
0.0709267
0.0709267
0.0709267
0.0709267
0.0709267
0.0709267
0.0709267
0.0709267
0.0709267
0.0709267
0.0709267
0.0709267
0.0709267
0.0709267
0.0709267
0.0709267
0.0709267
0.0709267
0.0709267
0.0709267
0.0709267
0.0709267
0.0709267
0.0709267
0.0709267
0.0709267
0.0709267
0.0709267
0.0709267
0.0709267
0.0709267
0.0709267
0.0709267
0.0709267
0.0709267
0.0709267
0.0709267
0.0709267
0.0709267
0.0709267
0.0709267
0.0709267
0.0709267
0.0709267
0.0709267
0.0709267
0.0709267
0.0709267
0.0709267
0.0709267
0.0709267
0.0709267
0.0709267
0.0709267
0.0709267
0.0709267
0.0709267
0.0709267
0.0709267
0.0709267
0.0709267
0.0709267
0.0709267
0.0709267
0.0709267
0.0709267
0.0709267
0.0709267
0.0709267
0.0709267
0.0709267
0.0709267
0.0709267
0.0709267
0.0709267
0.0709267
0.0709267
0.0709267
0.0709267
0.0709267
0.0709267
0.0709267
0.0709267
0.0709267
0.0709267
0.0709267
0.0709267
0.0709267
0.0709267
0.0709267
0.0709267
0.0709267
0.0709267
0.0709267
0.0709267
0.0709267
0.0709267
0.0709267
0.0709267
0.0709267
0.0709267
0.0709267
0.0709267
0.0709267
0.0709267
0.0709267
0.0709267
0.0709267
0.0709267
0.0709267
0.0709267
0.0709267
0.0709267
0.0709267
0.0709267
0.0709267
0.0709267
0.0709267
0.0709267
0.0709267
0.0709267
0.0709267
0.0709267
0.0709267
0.0709267
0.0709267
0.0709267
0.0709267
0.0709267
0.0709267
0.0709267
0.0709267
0.0709267
0.0709267
0.0709267
0.0709267
0.0709267
0.0709267
0.0709267
0.0709267
0.0709267
0.0709267
0.0709267
0.0709267
0.0709267
0.0709267
0.0709267
0.0709267
0.0709267
0.0709267
0.0709267
0.0709267
0.0709267
0.0709267
0.0709267
0.0709267
0.0709267
0.0709267
0.0709267
0.0709267
0.0709267
0.0709267
0.0709267
0.0709267
0.0709267
0.0709267
0.0709267
0.0709267
0.0709267
0.0709267
0.0709267
0.0709267
0.0709267
0.0709267
0.0709267
0.0709267
0.0709267
0.0709267
0.0709267
0.0709267
0.0709267
0.0709267
0.0709267
0.0709267
0.0709267
0.0709267
0.0709267
0.0709267
0.0709267
0.0709267
0.0709267
0.0709267
0.0709267
0.0709267
0.0709267
0.0709267
0.0709267
0.0709267
0.0709267
0.0709267
0.0709267
0.0709267
0.0709267
0.0709267
0.0709267
0.0709267
0.0709267
0.0709267
0.0709266
0.0709266
0.0709266
0.0709266
0.0709266
0.0709266
0.0709266
0.0709266
0.0709266
0.0709266
0.0709266
0.0709266
0.0709266
0.0709266
0.0709266
0.0709266
0.0709266
0.0709266
0.0709266
0.0709266
0.0709266
0.0709266
0.0709266
0.0709266
0.0709266
0.0709266
0.0709266
0.0709266
0.0709266
0.0709266
0.0709266
0.0709266
0.0709266
0.0709266
0.0709266
0.0709266
0.0709266
0.0709266
0.0709266
0.0709266
0.0709266
0.0709266
0.0709266
0.0709266
0.0709266
0.0709266
0.0709266
0.0709266
0.0709266
0.0709266
0.0709266
0.0709266
0.0709266
0.0709266
0.0709266
0.0709266
0.0709266
0.0709266
0.0709266
0.0709266
0.0709266
0.0709266
0.0709266
0.0709266
0.0709266
0.0709266
0.0709266
0.0709266
0.0709266
0.0709266
0.0709266
0.0709266
0.0709266
0.0709266
0.0709266
0.0709266
0.0709266
0.0709266
0.0709266
0.0709266
0.0709266
0.0709266
0.0709266
0.0709266
0.0709266
0.0709266
0.0709266
0.0709266
0.0709266
0.0709266
0.0709266
0.0709266
0.0709266
0.0709266
0.0709266
0.0709266
0.0709266
0.0709266
0.0709266
0.0709266
0.0709266
0.0709266
0.0709266
0.0709266
0.0709266
0.0709266
0.0709266
0.0709266
0.0709266
0.0709266
0.0709266
0.0709266
0.0709266
0.0709266
0.0709266
0.0709266
0.0709266
0.0709266
0.0709266
0.0709266
0.0709266
0.0709266
0.0709266
0.0709266
0.0709266
0.0709266
0.0709266
0.0709266
0.0709266
0.0709266
0.0709266
0.0709266
0.0709266
0.0709266
0.0709266
0.0709266
0.0709266
0.0709266
0.0709266
0.0709266
0.0709266
0.0709266
0.0709266
0.0709266
0.0709266
0.0709266
0.0709266
0.0709266
0.0709266
0.0709266
0.0709266
0.0709266
0.0709266
0.0709266
0.0709266
0.0709266
0.0709266
0.0709266
0.0709266
0.0709266
0.0709266
0.0709266
0.0709266
0.0709266
0.0709266
0.0709266
0.0709266
0.0709266
0.0709266
0.0709266
0.0709266
0.0709266
0.0709266
0.0709266
0.0709266
0.0709266
0.0709266
0.0709266
0.0709266
0.0709266
0.0709266
0.0709266
0.0709266
0.0709266
0.0709266
0.0709266
0.0709266
0.0709266
0.0709266
0.0709266
0.0709266
0.0709266
0.0709266
0.0709266
0.0709266
0.0709266
0.0709266
0.0709266
0.0709266
0.0709266
0.0709266
0.0709266
0.0709266
0.0709266
0.0709266
0.0709266
0.0709266
0.0709266
0.0709266
0.0709266
0.0709266
0.0709266
0.0709266
0.0709266
0.0709266
0.0709266
0.0709266
0.0709266
0.0709266
0.0709266
0.0709266
0.0709266
0.0709266
0.0709266
0.0709266
0.0709266
0.0709266
0.0709266
0.0709266
0.0709266
0.0709266
0.0709266
0.0709266
0.0709266
0.0709266
0.0709266
0.0709266
0.0709266
0.0709266
0.0709266
0.0709266
0.0709266
0.0709266
0.0709266
0.0709266
0.0709266
0.0709266
0.0709266
0.0709266
0.0709266
0.0709266
0.0709266
0.0709266
0.0709266
0.0709266
0.0709266
0.0709266
0.0709266
0.0709266
0.0709266
0.0709266
0.0709266
0.0709266
0.0709266
0.0709266
0.0709266
0.0709266
0.0709266
0.0709266
0.0709266
0.0709266
0.0709266
0.0709266
0.0709266
0.0709266
0.0709266
0.0709266
0.0709266
0.0709266
0.0709266
0.0709266
0.0709266
0.0709266
0.0709266
0.0709266
0.0709266
0.0709266
0.0709266
0.0709266
0.0709266
0.0709266
0.0709266
0.0709266
0.0709266
0.0709266
0.0709266
0.0709266
0.0709266
0.0709266
0.0709266
0.0709266
0.0709266
0.0709266
0.0709266
0.0709266
0.0709266
0.0709266
0.0709266
0.0709266
0.0709266
0.0709266
0.0709266
0.0709266
0.0709266
0.0709266
0.0709266
0.0709266
0.0709266
0.0709266
0.0709266
0.0709266
0.0709266
0.0709266
0.0709266
0.0709266
0.0709266
0.0709266
0.0709266
0.0709266
0.0709266
0.0709266
0.0709266
0.0709266
0.0709266
0.0709266
0.0709266
0.0709266
0.0709266
0.0709266
0.0709266
0.0709266
0.0709266
0.0709265
0.0709265
0.0709265
0.0709265
0.0709265
0.0709265
0.0709265
0.0709265
0.0709265
0.0709265
0.0709265
0.0709265
0.0709265
0.0709265
0.0709265
0.0709265
0.0709265
0.0709265
0.0709265
0.0709265
0.0709265
0.0709265
0.0709265
0.0709265
0.0709265
0.0709265
0.0709265
0.0709265
0.0709265
0.0709265
0.0709265
0.0709265
0.0709265
0.0709265
0.0709265
0.0709265
0.0709265
0.0709264
0.0709264
0.0709264
0.0709264
0.0709264
0.0709263
0.0709263
0.0709263
0.0709263
0.0709262
0.0709262
0.0709261
0.070926
0.070926
0.0709259
0.0709258
0.0709257
0.0709256
0.0709254
0.0709253
0.0709251
0.0709249
0.0709246
0.0709244
0.0709241
0.0709237
0.0709234
0.0709229
0.0709224
0.0709219
0.0709213
0.0709206
0.0709198
0.0709189
0.0709179
0.0709167
0.0709155
0.0709141
0.0709125
0.0709107
0.0709087
0.0709065
0.070904
0.0709012
0.0708981
0.0708946
0.0708908
0.0708865
0.0708817
0.0708764
0.0708706
0.0708641
0.0708569
0.0708489
0.07084
0.0708303
0.0708195
0.0708076
0.0707945
0.0707801
0.0707642
0.0707467
0.0707276
0.0707065
0.0706834
0.0706582
0.0706305
0.0706002
0.0705672
0.0705311
0.0704917
0.0704488
0.0704021
0.0703513
0.0702961
0.0702362
0.0701712
0.0701008
0.0700245
0.069942
0.0698528
0.0697565
0.0696526
0.0695406
0.06942
0.0692903
0.0691509
0.0690012
0.0688406
0.0686684
0.0684841
0.0682869
0.0680761
0.0678511
0.067611
0.0673551
0.0670827
0.0667929
0.066485
0.066158
0.0658112
0.0654438
0.0650548
0.0646435
0.0642089
0.0637502
0.0632665
0.0627571
0.062221
0.0616575
0.0610656
0.0604448
0.0597941
0.0591129
0.0584005
0.0576562
0.0568795
0.0560697
0.0552264
0.0543492
0.0534376
0.0524914
0.0515104
0.0504944
0.0494433
0.0483573
0.0472364
0.0460809
0.044891
0.0436674
0.0424104
0.0411208
0.0398074
0.0384819
0.0370996
0.035689
0.0342512
0.0327875
0.0312994
0.0297888
0.0282574
0.0267074
0.0251409
0.0235603
0.0219682
0.0203673
0.0187607
0.0171515
0.0155432
0.0139395
0.0123446
0.0107631
0.00920016
0.00766148
0.00615367
0.00468436
0.00326242
0.00189829
0.000604316
)
;

boundaryField
{
    fixedWall
    {
        type            zeroGradient;
    }
    outlet
    {
        type            inletOutlet;
        inletValue      uniform 0;
        value           uniform 0;
    }
    defaultFaces
    {
        type            empty;
    }
}


// ************************************************************************* //
