/*--------------------------------*- C++ -*----------------------------------*\
| =========                 |                                                 |
| \\      /  F ield         | OpenFOAM: The Open Source CFD Toolbox           |
|  \\    /   O peration     | Version:  2406                                  |
|   \\  /    A nd           | Website:  www.openfoam.com                      |
|    \\/     M anipulation  |                                                 |
\*---------------------------------------------------------------------------*/
FoamFile
{
    version     2.0;
    format      ascii;
    arch        "LSB;label=32;scalar=64";
    class       volScalarField;
    location    "9.2";
    object      H2O;
}
// * * * * * * * * * * * * * * * * * * * * * * * * * * * * * * * * * * * * * //

dimensions      [0 0 0 0 0 0 0];

internalField   nonuniform List<scalar> 
1000
(
0.0580665
0.0580665
0.0580665
0.0580665
0.0580665
0.0580665
0.0580665
0.0580665
0.0580665
0.0580665
0.0580666
0.0580666
0.0580666
0.0580666
0.0580666
0.0580666
0.0580666
0.0580666
0.0580666
0.0580666
0.0580666
0.0580666
0.0580666
0.0580667
0.0580667
0.0580667
0.0580667
0.0580667
0.0580667
0.0580667
0.0580667
0.0580667
0.0580667
0.0580667
0.0580668
0.0580668
0.0580668
0.0580668
0.0580668
0.0580668
0.0580668
0.0580668
0.0580668
0.0580668
0.0580668
0.0580668
0.0580668
0.0580669
0.0580669
0.0580669
0.0580669
0.0580669
0.0580669
0.0580669
0.0580669
0.0580669
0.0580669
0.0580669
0.0580669
0.0580669
0.0580669
0.0580669
0.0580669
0.0580669
0.058067
0.058067
0.058067
0.058067
0.058067
0.058067
0.058067
0.058067
0.058067
0.058067
0.058067
0.058067
0.058067
0.058067
0.058067
0.058067
0.058067
0.058067
0.058067
0.058067
0.058067
0.058067
0.058067
0.058067
0.058067
0.058067
0.058067
0.058067
0.058067
0.058067
0.058067
0.058067
0.058067
0.058067
0.058067
0.058067
0.058067
0.058067
0.058067
0.058067
0.058067
0.058067
0.0580671
0.0580671
0.0580671
0.0580671
0.0580671
0.0580671
0.0580671
0.0580671
0.0580671
0.0580671
0.0580671
0.0580671
0.0580671
0.0580671
0.0580671
0.0580671
0.0580671
0.0580671
0.0580671
0.0580671
0.0580671
0.0580671
0.0580671
0.0580671
0.0580671
0.0580671
0.0580671
0.0580671
0.0580671
0.0580671
0.0580671
0.0580671
0.0580671
0.0580671
0.0580671
0.0580671
0.0580671
0.0580671
0.0580671
0.0580671
0.0580671
0.0580671
0.0580671
0.0580671
0.0580671
0.0580671
0.0580671
0.0580671
0.0580671
0.0580671
0.0580671
0.0580671
0.0580671
0.0580671
0.0580671
0.0580671
0.0580671
0.0580671
0.0580671
0.0580671
0.0580671
0.0580671
0.0580671
0.0580671
0.0580671
0.0580671
0.0580671
0.0580671
0.0580671
0.0580671
0.0580671
0.0580671
0.0580671
0.0580671
0.0580671
0.0580671
0.0580671
0.0580671
0.0580671
0.0580671
0.0580671
0.0580671
0.0580671
0.0580671
0.0580671
0.0580671
0.0580671
0.0580671
0.0580671
0.0580671
0.0580671
0.0580671
0.0580671
0.0580671
0.0580671
0.0580671
0.0580671
0.0580671
0.0580671
0.0580671
0.0580671
0.0580671
0.0580671
0.0580671
0.0580671
0.0580671
0.0580671
0.0580671
0.0580671
0.0580671
0.0580671
0.0580671
0.0580671
0.0580671
0.0580671
0.0580671
0.0580671
0.0580671
0.0580671
0.0580671
0.0580671
0.0580671
0.0580671
0.0580671
0.0580671
0.0580671
0.0580671
0.0580671
0.0580671
0.0580671
0.0580671
0.0580671
0.0580671
0.0580671
0.0580671
0.0580671
0.0580671
0.0580671
0.0580671
0.0580671
0.0580671
0.0580671
0.0580671
0.0580671
0.0580671
0.0580671
0.0580671
0.0580671
0.0580671
0.0580671
0.0580671
0.0580671
0.0580671
0.0580671
0.0580671
0.0580671
0.0580671
0.0580671
0.0580671
0.0580671
0.0580671
0.0580671
0.0580671
0.0580671
0.0580671
0.0580671
0.058067
0.058067
0.058067
0.058067
0.058067
0.058067
0.058067
0.058067
0.058067
0.058067
0.058067
0.058067
0.058067
0.058067
0.058067
0.058067
0.058067
0.058067
0.058067
0.058067
0.058067
0.058067
0.058067
0.058067
0.058067
0.058067
0.058067
0.058067
0.058067
0.058067
0.058067
0.058067
0.058067
0.058067
0.058067
0.058067
0.058067
0.058067
0.058067
0.058067
0.058067
0.058067
0.058067
0.058067
0.058067
0.058067
0.058067
0.058067
0.058067
0.058067
0.058067
0.058067
0.058067
0.058067
0.058067
0.058067
0.058067
0.058067
0.058067
0.058067
0.058067
0.058067
0.058067
0.058067
0.058067
0.058067
0.058067
0.058067
0.058067
0.058067
0.058067
0.058067
0.058067
0.058067
0.058067
0.058067
0.058067
0.058067
0.058067
0.058067
0.058067
0.058067
0.058067
0.058067
0.058067
0.058067
0.058067
0.058067
0.058067
0.058067
0.058067
0.058067
0.058067
0.058067
0.058067
0.058067
0.058067
0.058067
0.058067
0.058067
0.058067
0.058067
0.058067
0.058067
0.058067
0.058067
0.058067
0.058067
0.058067
0.058067
0.058067
0.058067
0.058067
0.058067
0.058067
0.058067
0.058067
0.058067
0.058067
0.058067
0.058067
0.058067
0.058067
0.058067
0.058067
0.058067
0.058067
0.058067
0.058067
0.058067
0.058067
0.058067
0.058067
0.058067
0.058067
0.058067
0.058067
0.058067
0.058067
0.058067
0.058067
0.058067
0.058067
0.058067
0.058067
0.058067
0.058067
0.058067
0.058067
0.058067
0.058067
0.058067
0.058067
0.058067
0.058067
0.058067
0.058067
0.058067
0.058067
0.058067
0.058067
0.058067
0.058067
0.058067
0.058067
0.058067
0.058067
0.058067
0.058067
0.058067
0.058067
0.058067
0.058067
0.058067
0.058067
0.058067
0.058067
0.058067
0.058067
0.058067
0.058067
0.058067
0.058067
0.058067
0.058067
0.058067
0.058067
0.058067
0.058067
0.058067
0.058067
0.058067
0.058067
0.058067
0.058067
0.058067
0.058067
0.058067
0.058067
0.058067
0.058067
0.058067
0.058067
0.058067
0.058067
0.058067
0.058067
0.058067
0.058067
0.058067
0.058067
0.058067
0.058067
0.058067
0.058067
0.058067
0.058067
0.058067
0.058067
0.058067
0.058067
0.058067
0.058067
0.058067
0.058067
0.058067
0.058067
0.058067
0.058067
0.058067
0.058067
0.058067
0.058067
0.058067
0.058067
0.058067
0.058067
0.058067
0.058067
0.058067
0.058067
0.058067
0.058067
0.058067
0.058067
0.058067
0.058067
0.058067
0.058067
0.058067
0.058067
0.058067
0.058067
0.058067
0.058067
0.058067
0.058067
0.058067
0.058067
0.058067
0.058067
0.058067
0.058067
0.058067
0.058067
0.058067
0.058067
0.058067
0.058067
0.058067
0.058067
0.058067
0.058067
0.058067
0.058067
0.058067
0.058067
0.058067
0.058067
0.058067
0.058067
0.058067
0.058067
0.058067
0.058067
0.058067
0.058067
0.058067
0.058067
0.058067
0.058067
0.058067
0.058067
0.058067
0.058067
0.058067
0.058067
0.058067
0.058067
0.058067
0.058067
0.058067
0.058067
0.058067
0.058067
0.058067
0.058067
0.058067
0.058067
0.058067
0.058067
0.058067
0.058067
0.058067
0.058067
0.058067
0.058067
0.058067
0.058067
0.058067
0.058067
0.058067
0.058067
0.058067
0.058067
0.058067
0.058067
0.058067
0.058067
0.058067
0.058067
0.058067
0.058067
0.058067
0.058067
0.058067
0.058067
0.058067
0.058067
0.058067
0.058067
0.058067
0.058067
0.058067
0.058067
0.058067
0.058067
0.058067
0.058067
0.058067
0.058067
0.058067
0.058067
0.058067
0.058067
0.058067
0.058067
0.058067
0.058067
0.058067
0.058067
0.058067
0.058067
0.058067
0.058067
0.058067
0.058067
0.058067
0.058067
0.058067
0.058067
0.058067
0.058067
0.058067
0.058067
0.058067
0.058067
0.058067
0.058067
0.058067
0.058067
0.058067
0.058067
0.058067
0.058067
0.058067
0.058067
0.058067
0.058067
0.058067
0.058067
0.058067
0.058067
0.058067
0.058067
0.058067
0.058067
0.058067
0.058067
0.058067
0.058067
0.058067
0.058067
0.058067
0.058067
0.058067
0.058067
0.058067
0.058067
0.058067
0.058067
0.058067
0.058067
0.058067
0.058067
0.058067
0.058067
0.058067
0.058067
0.058067
0.058067
0.058067
0.058067
0.058067
0.058067
0.058067
0.058067
0.058067
0.058067
0.058067
0.058067
0.058067
0.058067
0.058067
0.058067
0.058067
0.058067
0.058067
0.058067
0.058067
0.058067
0.058067
0.058067
0.058067
0.058067
0.058067
0.058067
0.058067
0.058067
0.058067
0.058067
0.058067
0.058067
0.058067
0.058067
0.058067
0.058067
0.058067
0.058067
0.058067
0.058067
0.058067
0.058067
0.058067
0.058067
0.058067
0.058067
0.058067
0.058067
0.058067
0.058067
0.058067
0.058067
0.058067
0.058067
0.058067
0.058067
0.058067
0.058067
0.058067
0.058067
0.058067
0.058067
0.058067
0.058067
0.058067
0.058067
0.058067
0.058067
0.058067
0.058067
0.058067
0.058067
0.058067
0.058067
0.058067
0.058067
0.058067
0.058067
0.058067
0.058067
0.058067
0.058067
0.058067
0.058067
0.058067
0.058067
0.058067
0.058067
0.058067
0.058067
0.058067
0.0580669
0.0580669
0.0580669
0.0580669
0.0580669
0.0580669
0.0580669
0.0580669
0.0580669
0.0580669
0.0580669
0.0580669
0.0580669
0.0580669
0.0580669
0.0580669
0.0580669
0.0580669
0.0580669
0.0580669
0.0580669
0.0580669
0.0580669
0.0580669
0.0580669
0.0580669
0.0580669
0.0580669
0.0580669
0.0580669
0.0580669
0.0580669
0.0580669
0.0580669
0.0580669
0.0580669
0.0580669
0.0580669
0.0580669
0.0580669
0.0580669
0.0580669
0.0580669
0.0580669
0.0580669
0.0580669
0.0580669
0.0580669
0.0580669
0.0580669
0.0580669
0.0580669
0.0580669
0.0580669
0.0580669
0.0580669
0.0580669
0.0580669
0.0580668
0.0580668
0.0580668
0.0580668
0.0580668
0.0580668
0.0580667
0.0580667
0.0580667
0.0580666
0.0580666
0.0580665
0.0580665
0.0580664
0.0580663
0.0580662
0.0580661
0.058066
0.0580659
0.0580657
0.0580656
0.0580654
0.0580652
0.0580649
0.0580646
0.0580643
0.058064
0.0580636
0.0580631
0.0580626
0.058062
0.0580614
0.0580607
0.0580598
0.0580589
0.0580579
0.0580567
0.0580554
0.058054
0.0580523
0.0580505
0.0580485
0.0580462
0.0580436
0.0580408
0.0580377
0.0580342
0.0580303
0.0580259
0.0580211
0.0580158
0.0580099
0.0580033
0.0579961
0.0579881
0.0579793
0.0579696
0.0579588
0.057947
0.057934
0.0579197
0.057904
0.0578868
0.0578679
0.0578472
0.0578246
0.0577998
0.0577727
0.0577432
0.0577109
0.0576758
0.0576376
0.057596
0.0575508
0.0575018
0.0574486
0.0573909
0.0573284
0.0572609
0.0571879
0.057109
0.057024
0.0569323
0.0568336
0.0567274
0.0566132
0.0564907
0.0563592
0.0562183
0.0560673
0.0559059
0.0557333
0.0555491
0.0553525
0.0551431
0.05492
0.0546828
0.0544307
0.054163
0.0538791
0.0535783
0.0532598
0.052923
0.0525672
0.0521917
0.0517958
0.0513787
0.0509398
0.0504784
0.0499939
0.0494856
0.0489529
0.0483952
0.047812
0.0472026
0.0465667
0.0459038
0.0452134
0.0444952
0.0437489
0.0429743
0.0421711
0.0413393
0.0404788
0.0395897
0.038672
0.037726
0.0367519
0.0357501
0.0347211
0.0336653
0.0325899
0.0315048
0.0303731
0.0292183
0.0280411
0.0268428
0.0256246
0.0243878
0.0231341
0.0218651
0.0205826
0.0192886
0.0179852
0.0166746
0.0153592
0.0140418
0.012725
0.0114121
0.0101064
0.00881168
0.00753209
0.00627238
0.00503796
0.00383505
0.00267091
0.00155411
0.000494749
)
;

boundaryField
{
    fixedWall
    {
        type            zeroGradient;
    }
    outlet
    {
        type            inletOutlet;
        inletValue      uniform 0;
        value           uniform 0;
    }
    defaultFaces
    {
        type            empty;
    }
}


// ************************************************************************* //
