/*--------------------------------*- C++ -*----------------------------------*\
| =========                 |                                                 |
| \\      /  F ield         | OpenFOAM: The Open Source CFD Toolbox           |
|  \\    /   O peration     | Version:  2406                                  |
|   \\  /    A nd           | Website:  www.openfoam.com                      |
|    \\/     M anipulation  |                                                 |
\*---------------------------------------------------------------------------*/
FoamFile
{
    version     2.0;
    format      ascii;
    arch        "LSB;label=32;scalar=64";
    class       volScalarField;
    location    "9.3";
    object      N2;
}
// * * * * * * * * * * * * * * * * * * * * * * * * * * * * * * * * * * * * * //

dimensions      [0 0 0 0 0 0 0];

internalField   nonuniform List<scalar> 
1000
(
0.44843
0.44843
0.44843
0.44843
0.44843
0.44843
0.44843
0.44843
0.44843
0.44843
0.44843
0.44843
0.44843
0.44843
0.44843
0.44843
0.44843
0.44843
0.44843
0.44843
0.44843
0.44843
0.44843
0.44843
0.44843
0.44843
0.44843
0.44843
0.44843
0.44843
0.44843
0.44843
0.44843
0.44843
0.44843
0.44843
0.44843
0.44843
0.44843
0.44843
0.44843
0.44843
0.44843
0.44843
0.44843
0.44843
0.44843
0.44843
0.44843
0.44843
0.44843
0.44843
0.44843
0.44843
0.44843
0.44843
0.44843
0.44843
0.44843
0.44843
0.44843
0.44843
0.44843
0.44843
0.44843
0.44843
0.44843
0.44843
0.44843
0.44843
0.44843
0.44843
0.44843
0.44843
0.44843
0.44843
0.44843
0.44843
0.44843
0.44843
0.44843
0.44843
0.44843
0.44843
0.44843
0.44843
0.44843
0.44843
0.44843
0.44843
0.44843
0.44843
0.44843
0.44843
0.44843
0.44843
0.44843
0.44843
0.44843
0.44843
0.44843
0.44843
0.44843
0.44843
0.44843
0.44843
0.44843
0.44843
0.44843
0.44843
0.44843
0.44843
0.44843
0.44843
0.44843
0.44843
0.44843
0.44843
0.44843
0.44843
0.44843
0.44843
0.44843
0.44843
0.44843
0.44843
0.44843
0.44843
0.44843
0.44843
0.44843
0.44843
0.44843
0.44843
0.44843
0.44843
0.44843
0.44843
0.44843
0.44843
0.44843
0.44843
0.44843
0.44843
0.44843
0.44843
0.44843
0.44843
0.44843
0.44843
0.44843
0.44843
0.44843
0.44843
0.44843
0.44843
0.44843
0.44843
0.44843
0.44843
0.44843
0.44843
0.44843
0.44843
0.44843
0.44843
0.44843
0.44843
0.44843
0.44843
0.44843
0.44843
0.44843
0.44843
0.44843
0.44843
0.44843
0.44843
0.44843
0.44843
0.44843
0.44843
0.44843
0.44843
0.44843
0.44843
0.44843
0.44843
0.44843
0.44843
0.44843
0.44843
0.44843
0.44843
0.44843
0.44843
0.44843
0.44843
0.44843
0.44843
0.44843
0.44843
0.44843
0.44843
0.44843
0.44843
0.44843
0.44843
0.44843
0.44843
0.44843
0.44843
0.44843
0.44843
0.44843
0.44843
0.44843
0.44843
0.44843
0.44843
0.44843
0.44843
0.44843
0.44843
0.44843
0.44843
0.44843
0.44843
0.44843
0.44843
0.44843
0.44843
0.44843
0.44843
0.44843
0.44843
0.44843
0.44843
0.44843
0.44843
0.44843
0.44843
0.44843
0.44843
0.44843
0.44843
0.44843
0.44843
0.44843
0.44843
0.44843
0.44843
0.44843
0.44843
0.44843
0.44843
0.44843
0.44843
0.44843
0.44843
0.44843
0.44843
0.44843
0.44843
0.44843
0.44843
0.44843
0.44843
0.44843
0.44843
0.44843
0.44843
0.44843
0.44843
0.44843
0.44843
0.44843
0.44843
0.44843
0.44843
0.44843
0.44843
0.44843
0.44843
0.44843
0.44843
0.44843
0.44843
0.44843
0.44843
0.44843
0.44843
0.44843
0.44843
0.44843
0.44843
0.44843
0.44843
0.44843
0.44843
0.44843
0.44843
0.44843
0.44843
0.44843
0.44843
0.44843
0.44843
0.44843
0.44843
0.44843
0.44843
0.44843
0.44843
0.44843
0.44843
0.44843
0.44843
0.44843
0.44843
0.44843
0.44843
0.44843
0.44843
0.44843
0.44843
0.44843
0.44843
0.44843
0.44843
0.44843
0.44843
0.44843
0.44843
0.44843
0.44843
0.44843
0.44843
0.44843
0.44843
0.44843
0.44843
0.44843
0.44843
0.44843
0.44843
0.44843
0.44843
0.44843
0.44843
0.44843
0.44843
0.44843
0.44843
0.44843
0.44843
0.44843
0.44843
0.44843
0.44843
0.44843
0.44843
0.44843
0.44843
0.44843
0.44843
0.44843
0.44843
0.44843
0.44843
0.44843
0.44843
0.44843
0.44843
0.44843
0.44843
0.44843
0.44843
0.44843
0.44843
0.44843
0.44843
0.44843
0.44843
0.44843
0.44843
0.44843
0.44843
0.44843
0.44843
0.44843
0.44843
0.44843
0.44843
0.44843
0.44843
0.44843
0.44843
0.44843
0.44843
0.44843
0.44843
0.44843
0.44843
0.44843
0.44843
0.44843
0.44843
0.44843
0.44843
0.44843
0.44843
0.44843
0.44843
0.44843
0.44843
0.44843
0.44843
0.44843
0.44843
0.44843
0.44843
0.44843
0.44843
0.44843
0.44843
0.44843
0.44843
0.44843
0.44843
0.44843
0.44843
0.44843
0.44843
0.44843
0.44843
0.44843
0.44843
0.44843
0.44843
0.44843
0.44843
0.44843
0.44843
0.44843
0.44843
0.44843
0.44843
0.44843
0.44843
0.44843
0.44843
0.44843
0.44843
0.44843
0.44843
0.44843
0.44843
0.44843
0.44843
0.44843
0.44843
0.44843
0.44843
0.44843
0.44843
0.44843
0.44843
0.44843
0.44843
0.44843
0.44843
0.44843
0.44843
0.44843
0.44843
0.44843
0.44843
0.44843
0.44843
0.44843
0.44843
0.44843
0.44843
0.44843
0.44843
0.44843
0.44843
0.44843
0.44843
0.44843
0.44843
0.44843
0.44843
0.44843
0.44843
0.44843
0.44843
0.44843
0.44843
0.44843
0.44843
0.44843
0.44843
0.44843
0.44843
0.44843
0.44843
0.44843
0.44843
0.44843
0.44843
0.44843
0.44843
0.44843
0.44843
0.44843
0.44843
0.44843
0.44843
0.44843
0.44843
0.44843
0.44843
0.44843
0.44843
0.44843
0.44843
0.44843
0.44843
0.44843
0.44843
0.44843
0.44843
0.44843
0.44843
0.44843
0.44843
0.44843
0.44843
0.44843
0.44843
0.44843
0.44843
0.44843
0.44843
0.44843
0.44843
0.44843
0.44843
0.44843
0.44843
0.44843
0.44843
0.44843
0.44843
0.44843
0.44843
0.44843
0.44843
0.44843
0.44843
0.44843
0.44843
0.44843
0.44843
0.44843
0.44843
0.44843
0.44843
0.44843
0.44843
0.44843
0.44843
0.44843
0.44843
0.44843
0.44843
0.44843
0.44843
0.44843
0.44843
0.44843
0.44843
0.44843
0.44843
0.44843
0.44843
0.44843
0.44843
0.44843
0.44843
0.44843
0.44843
0.44843
0.44843
0.44843
0.44843
0.44843
0.44843
0.44843
0.44843
0.44843
0.44843
0.44843
0.44843
0.44843
0.44843
0.44843
0.44843
0.44843
0.44843
0.44843
0.44843
0.44843
0.44843
0.44843
0.44843
0.44843
0.44843
0.44843
0.44843
0.44843
0.44843
0.44843
0.44843
0.44843
0.44843
0.44843
0.44843
0.44843
0.44843
0.44843
0.44843
0.44843
0.44843
0.44843
0.44843
0.44843
0.44843
0.44843
0.44843
0.44843
0.44843
0.44843
0.44843
0.44843
0.44843
0.44843
0.44843
0.44843
0.44843
0.44843
0.44843
0.44843
0.44843
0.44843
0.44843
0.44843
0.44843
0.44843
0.44843
0.44843
0.44843
0.44843
0.44843
0.44843
0.44843
0.44843
0.44843
0.44843
0.44843
0.44843
0.44843
0.44843
0.44843
0.44843
0.44843
0.44843
0.44843
0.44843
0.44843
0.44843
0.44843
0.44843
0.44843
0.44843
0.44843
0.44843
0.44843
0.44843
0.44843
0.44843
0.44843
0.44843
0.44843
0.44843
0.44843
0.44843
0.44843
0.44843
0.44843
0.44843
0.44843
0.44843
0.44843
0.44843
0.44843
0.44843
0.44843
0.44843
0.44843
0.44843
0.44843
0.44843
0.44843
0.44843
0.44843
0.44843
0.44843
0.44843
0.44843
0.44843
0.44843
0.44843
0.44843
0.44843
0.44843
0.44843
0.44843
0.44843
0.44843
0.44843
0.44843
0.44843
0.44843
0.44843
0.44843
0.44843
0.44843
0.44843
0.44843
0.44843
0.44843
0.44843
0.44843
0.44843
0.44843
0.44843
0.44843
0.44843
0.44843
0.44843
0.44843
0.44843
0.44843
0.44843
0.44843
0.44843
0.44843
0.44843
0.44843
0.44843
0.44843
0.44843
0.44843
0.44843
0.44843
0.44843
0.44843
0.44843
0.44843
0.44843
0.44843
0.44843
0.44843
0.44843
0.44843
0.44843
0.44843
0.44843
0.44843
0.44843
0.44843
0.44843
0.44843
0.44843
0.44843
0.44843
0.44843
0.44843
0.44843
0.44843
0.44843
0.44843
0.44843
0.44843
0.44843
0.44843
0.44843
0.44843
0.44843
0.44843
0.44843
0.44843
0.44843
0.44843
0.44843
0.44843
0.44843
0.44843
0.44843
0.44843
0.44843
0.44843
0.44843
0.44843
0.44843
0.44843
0.44843
0.44843
0.44843
0.44843
0.44843
0.44843
0.44843
0.44843
0.44843
0.44843
0.44843
0.44843
0.44843
0.44843
0.44843
0.448431
0.448431
0.448431
0.448431
0.448431
0.448431
0.448431
0.448431
0.448431
0.448431
0.448432
0.448432
0.448432
0.448432
0.448433
0.448433
0.448434
0.448434
0.448435
0.448435
0.448436
0.448437
0.448438
0.448439
0.44844
0.448442
0.448443
0.448445
0.448447
0.44845
0.448452
0.448455
0.448459
0.448463
0.448467
0.448472
0.448477
0.448483
0.44849
0.448498
0.448507
0.448516
0.448527
0.448539
0.448553
0.448568
0.448585
0.448604
0.448626
0.448649
0.448675
0.448704
0.448737
0.448773
0.448813
0.448857
0.448906
0.44896
0.44902
0.449086
0.449159
0.449239
0.449328
0.449426
0.449533
0.449651
0.449781
0.449923
0.450079
0.450249
0.450436
0.450641
0.450864
0.451107
0.451373
0.451662
0.451977
0.45232
0.452693
0.453097
0.453536
0.454011
0.454526
0.455083
0.455685
0.456336
0.457038
0.457795
0.45861
0.459487
0.460431
0.461444
0.462532
0.463698
0.464948
0.466285
0.467715
0.469244
0.470875
0.472615
0.474469
0.476442
0.478541
0.480771
0.483138
0.485649
0.488309
0.491125
0.494103
0.49725
0.500571
0.504073
0.507763
0.511647
0.51573
0.52002
0.524522
0.529241
0.534183
0.539355
0.54476
0.550404
0.556291
0.562426
0.568811
0.575451
0.582349
0.589506
0.596925
0.604606
0.612551
0.620759
0.62923
0.637963
0.646955
0.656203
0.665706
0.675457
0.685454
0.695518
0.705774
0.716457
0.727346
0.738432
0.749704
0.761151
0.77276
0.784517
0.796408
0.808414
0.820519
0.832702
0.844943
0.857221
0.869509
0.881782
0.894012
0.906168
0.918213
0.93011
0.941815
0.953279
0.964443
0.975241
0.985596
0.995414
)
;

boundaryField
{
    fixedWall
    {
        type            zeroGradient;
    }
    outlet
    {
        type            inletOutlet;
        inletValue      uniform 0;
        value           uniform 1;
    }
    defaultFaces
    {
        type            empty;
    }
}


// ************************************************************************* //
