/*--------------------------------*- C++ -*----------------------------------*\
| =========                 |                                                 |
| \\      /  F ield         | OpenFOAM: The Open Source CFD Toolbox           |
|  \\    /   O peration     | Version:  2406                                  |
|   \\  /    A nd           | Website:  www.openfoam.com                      |
|    \\/     M anipulation  |                                                 |
\*---------------------------------------------------------------------------*/
FoamFile
{
    version     2.0;
    format      ascii;
    arch        "LSB;label=32;scalar=64";
    class       volScalarField;
    location    "1";
    object      O2;
}
// * * * * * * * * * * * * * * * * * * * * * * * * * * * * * * * * * * * * * //

dimensions      [0 0 0 0 0 0 0];

internalField   nonuniform List<scalar> 
1000
(
1.60426e-06
1.61895e-06
1.6414e-06
1.66834e-06
1.69772e-06
1.72807e-06
1.75828e-06
1.78746e-06
1.81494e-06
1.84022e-06
1.86298e-06
1.88308e-06
1.90052e-06
1.91546e-06
1.92818e-06
1.93907e-06
1.94859e-06
1.95723e-06
1.9655e-06
1.97389e-06
1.98288e-06
1.99287e-06
2.00423e-06
2.01724e-06
2.03212e-06
2.04905e-06
2.06812e-06
2.08937e-06
2.11282e-06
2.1384e-06
2.16605e-06
2.19566e-06
2.2271e-06
2.26024e-06
2.29492e-06
2.33099e-06
2.36826e-06
2.40608e-06
2.4449e-06
2.48528e-06
2.52621e-06
2.56762e-06
2.60943e-06
2.65157e-06
2.69396e-06
2.73656e-06
2.7793e-06
2.82217e-06
2.86515e-06
2.90822e-06
2.95139e-06
2.99468e-06
3.03811e-06
3.08171e-06
3.12551e-06
3.16956e-06
3.21391e-06
3.25861e-06
3.30371e-06
3.34927e-06
3.39535e-06
3.44201e-06
3.4893e-06
3.53729e-06
3.58604e-06
3.6356e-06
3.68604e-06
3.73741e-06
3.78977e-06
3.84319e-06
3.89772e-06
3.95342e-06
4.01036e-06
4.0686e-06
4.12822e-06
4.18928e-06
4.25186e-06
4.31604e-06
4.38192e-06
4.44957e-06
4.5191e-06
4.59061e-06
4.66422e-06
4.74005e-06
4.81823e-06
4.89889e-06
4.9822e-06
5.0683e-06
5.15738e-06
5.24963e-06
5.34523e-06
5.44439e-06
5.54735e-06
5.65432e-06
5.76556e-06
5.88133e-06
6.0019e-06
6.12757e-06
6.25865e-06
6.39549e-06
6.53845e-06
6.68793e-06
6.84435e-06
7.00819e-06
7.17995e-06
7.36019e-06
7.54952e-06
7.74861e-06
7.95818e-06
8.17904e-06
8.4121e-06
8.65834e-06
8.91887e-06
9.19492e-06
9.48787e-06
9.7993e-06
1.0131e-05
1.04851e-05
1.08638e-05
1.12701e-05
1.17071e-05
1.21787e-05
1.26893e-05
1.32441e-05
1.38491e-05
1.45115e-05
1.52394e-05
1.60427e-05
1.69328e-05
1.79234e-05
1.9031e-05
2.02758e-05
2.16829e-05
2.32837e-05
2.51182e-05
2.72385e-05
2.97132e-05
3.26338e-05
3.61255e-05
4.03645e-05
4.56101e-05
5.22613e-05
6.09555e-05
7.27368e-05
8.93504e-05
0.000113784
0.000151319
0.00021184
0.000316392
0.000521489
0.00102597
0.00262962
0.00914634
0.0596237
0.0826973
0.0933078
0.0983402
0.100777
0.101971
0.10256
0.102852
0.102996
0.103068
0.103104
0.103122
0.10313
0.103135
0.103137
0.103138
0.103138
0.103139
0.103139
0.103139
0.103139
0.103139
0.103139
0.103139
0.103139
0.103139
0.103139
0.103139
0.103139
0.103139
0.103139
0.103139
0.103139
0.103139
0.103139
0.103139
0.103139
0.103139
0.103139
0.103139
0.103139
0.103139
0.103139
0.103139
0.103139
0.103139
0.103139
0.103139
0.103139
0.103139
0.103139
0.103139
0.103139
0.103139
0.103139
0.103139
0.103139
0.103139
0.103139
0.103139
0.103139
0.103139
0.103139
0.103139
0.103139
0.103139
0.103139
0.103139
0.103139
0.103139
0.103139
0.103139
0.103139
0.103139
0.103139
0.103139
0.103139
0.103139
0.103139
0.103139
0.103139
0.103139
0.103139
0.103139
0.103139
0.103139
0.103139
0.103139
0.103139
0.103139
0.103139
0.103139
0.103139
0.103139
0.103139
0.103139
0.103139
0.103139
0.103139
0.103139
0.103139
0.103139
0.103139
0.103139
0.103139
0.103139
0.103139
0.103139
0.103139
0.103139
0.103139
0.103139
0.103139
0.103139
0.103139
0.103139
0.103139
0.103139
0.103139
0.103139
0.103139
0.103139
0.103139
0.103139
0.103139
0.103139
0.103139
0.103139
0.103139
0.103139
0.103139
0.103139
0.103139
0.103139
0.103139
0.103139
0.103139
0.103139
0.103139
0.103139
0.103139
0.103139
0.103139
0.103139
0.103139
0.103139
0.103139
0.103139
0.103139
0.103139
0.103139
0.103139
0.103139
0.103139
0.103139
0.103139
0.103139
0.103139
0.103139
0.103139
0.103139
0.103139
0.103139
0.103139
0.103139
0.103139
0.103139
0.103139
0.103139
0.103139
0.103139
0.103139
0.103139
0.103139
0.103139
0.103139
0.103139
0.103139
0.103139
0.103139
0.103139
0.103139
0.103139
0.103139
0.103139
0.103139
0.103139
0.103139
0.103139
0.103139
0.103139
0.103139
0.103139
0.103139
0.103139
0.103139
0.103139
0.103139
0.103139
0.103139
0.103139
0.103139
0.103139
0.103139
0.103139
0.103139
0.103139
0.103139
0.103139
0.103139
0.103139
0.103139
0.103139
0.103139
0.103139
0.103139
0.103139
0.103139
0.103139
0.103139
0.103139
0.103139
0.103139
0.103139
0.103139
0.103139
0.103139
0.103139
0.103139
0.103139
0.103139
0.103139
0.103139
0.103139
0.103139
0.103139
0.103139
0.103139
0.103139
0.103139
0.103139
0.103139
0.103139
0.103139
0.103139
0.103139
0.103139
0.103139
0.103139
0.103139
0.103139
0.103139
0.103139
0.103139
0.103139
0.103139
0.103139
0.103139
0.103139
0.103139
0.103139
0.103139
0.103139
0.103139
0.103139
0.103139
0.103139
0.103139
0.103139
0.103139
0.103139
0.103139
0.103139
0.103139
0.103139
0.103139
0.103139
0.103139
0.103139
0.103139
0.103139
0.103139
0.103139
0.103139
0.103139
0.103139
0.103139
0.103139
0.103139
0.103139
0.103139
0.103139
0.103139
0.103139
0.103139
0.103139
0.103139
0.103139
0.103139
0.103139
0.103139
0.103139
0.103139
0.103139
0.103139
0.103139
0.103139
0.103139
0.103139
0.103139
0.103139
0.103139
0.103139
0.103139
0.103139
0.103139
0.103139
0.103139
0.103139
0.103139
0.103139
0.103139
0.103139
0.103139
0.103139
0.103139
0.103139
0.103139
0.103139
0.103139
0.103139
0.103139
0.103139
0.103139
0.103139
0.103139
0.103139
0.103139
0.103139
0.103139
0.103139
0.103139
0.103139
0.103139
0.103139
0.103139
0.103139
0.103139
0.103139
0.103139
0.103139
0.103139
0.103139
0.103139
0.103139
0.103139
0.103139
0.103139
0.103139
0.103139
0.103139
0.103139
0.103139
0.103139
0.103139
0.103139
0.103139
0.103139
0.103139
0.103139
0.103139
0.103139
0.103139
0.103139
0.103139
0.103139
0.103139
0.103139
0.103139
0.103139
0.103139
0.103139
0.103139
0.103139
0.103139
0.103139
0.103139
0.103139
0.103139
0.103139
0.103139
0.103139
0.103139
0.103139
0.103139
0.103139
0.103139
0.103139
0.103139
0.103139
0.103139
0.103139
0.103139
0.103139
0.103139
0.103139
0.103139
0.103139
0.103139
0.103139
0.103139
0.103139
0.103139
0.103139
0.103139
0.103139
0.103139
0.103139
0.103139
0.103139
0.103139
0.103139
0.103139
0.103139
0.103139
0.103139
0.103139
0.103139
0.103139
0.103139
0.103139
0.103139
0.103139
0.103139
0.103139
0.103139
0.103139
0.103139
0.103139
0.103139
0.103139
0.103139
0.103139
0.103139
0.103139
0.103139
0.103139
0.103139
0.103139
0.103139
0.103139
0.103139
0.103139
0.103139
0.103139
0.103139
0.103139
0.103139
0.103139
0.103139
0.103139
0.103139
0.103139
0.103139
0.103139
0.103139
0.103139
0.103139
0.103139
0.103139
0.103139
0.103139
0.103139
0.103139
0.103139
0.103139
0.103139
0.103139
0.103139
0.103139
0.103139
0.103139
0.103139
0.103139
0.103139
0.103139
0.103139
0.103139
0.103139
0.103139
0.103139
0.103139
0.103139
0.103139
0.103139
0.103139
0.103139
0.103139
0.103139
0.103139
0.103139
0.103139
0.103139
0.103139
0.103139
0.103139
0.103139
0.103139
0.103139
0.103139
0.103139
0.103139
0.103139
0.103139
0.103139
0.103139
0.103139
0.103139
0.103139
0.103139
0.103139
0.103139
0.103139
0.103139
0.103139
0.103139
0.103139
0.103139
0.103139
0.103139
0.103139
0.103139
0.103139
0.103139
0.103139
0.103139
0.103139
0.103139
0.103139
0.103139
0.103139
0.103139
0.103139
0.103139
0.103139
0.103139
0.103139
0.103139
0.103139
0.103139
0.103139
0.103139
0.103139
0.103139
0.103139
0.103139
0.103139
0.103139
0.103139
0.103139
0.103139
0.103139
0.103139
0.103139
0.103139
0.103139
0.103139
0.103139
0.103139
0.103139
0.103139
0.103139
0.103139
0.103139
0.103139
0.103139
0.103139
0.103139
0.103139
0.103139
0.103139
0.103139
0.103139
0.103139
0.103139
0.103139
0.103139
0.103139
0.103139
0.103139
0.103139
0.103139
0.103139
0.103139
0.103139
0.103139
0.103139
0.103139
0.103139
0.103139
0.103139
0.103139
0.103139
0.103139
0.103139
0.103139
0.103139
0.103139
0.103139
0.103139
0.103139
0.103139
0.103139
0.103139
0.103139
0.103139
0.103139
0.103139
0.103139
0.103139
0.103139
0.103139
0.103139
0.103139
0.103139
0.103139
0.103139
0.103139
0.103139
0.103139
0.103139
0.103139
0.103139
0.103139
0.103139
0.103139
0.103139
0.103139
0.103139
0.103139
0.103139
0.103139
0.103139
0.103139
0.103139
0.103139
0.103139
0.103139
0.103139
0.103139
0.103139
0.103139
0.103139
0.103139
0.103139
0.103139
0.103139
0.103139
0.103139
0.103139
0.103139
0.103139
0.103139
0.103139
0.103139
0.103139
0.103139
0.103139
0.103139
0.103139
0.103139
0.103139
0.103139
0.103139
0.103139
0.103139
0.103139
0.103139
0.103139
0.103139
0.103139
0.103139
0.103139
0.103139
0.103139
0.103139
0.103139
0.103139
0.103139
0.103139
0.103139
0.103139
0.103139
0.103139
0.103139
0.103139
0.103139
0.103139
0.103139
0.103139
0.103139
0.103139
0.103139
0.103139
0.103139
0.103139
0.103139
0.103139
0.103139
0.103139
0.103139
0.103139
0.103139
0.103139
0.103139
0.103139
0.103139
0.103139
0.103139
0.103139
0.103139
0.103139
0.103139
0.103139
0.103139
0.103139
0.103139
0.103139
0.103139
0.103139
0.103139
0.103139
0.103139
0.103139
0.103139
0.103139
0.103139
0.103139
0.103139
0.103139
0.103139
0.103139
0.103139
0.103139
0.103139
0.103139
0.103139
0.103139
0.103139
0.103139
0.103139
0.103139
0.103139
0.103139
0.103139
0.103139
0.103139
0.103139
0.103139
0.103139
0.103139
0.103139
0.103139
0.103139
0.103139
0.103139
0.103139
0.103139
0.103139
0.103139
0.103139
0.103139
0.103139
0.103139
0.103139
0.103139
0.103139
0.103139
0.103139
0.103139
0.103139
0.103139
0.103139
0.103139
0.103139
0.103139
0.103139
0.103139
0.103139
0.103139
0.103139
0.103139
0.103139
0.103139
0.103139
0.103139
0.103139
0.103139
0.103139
0.103139
0.103139
0.103139
0.103139
0.103139
0.103139
0.103139
0.103139
0.103139
0.103139
0.103139
0.103139
0.103139
0.103139
0.103139
0.103139
0.103139
0.103139
0.103139
0.103139
0.103139
0.103139
0.103139
0.103139
0.103139
0.103139
0.103139
0.103139
0.103139
0.103139
0.103139
0.103139
0.103139
0.103139
0.103139
0.103139
0.103139
0.103139
0.103139
0.103139
0.103139
0.103139
0.103139
0.103139
0.103139
0.103139
0.103139
0.103139
)
;

boundaryField
{
    fixedWall
    {
        type            zeroGradient;
    }
    outlet
    {
        type            inletOutlet;
        inletValue      uniform 0;
        value           uniform 0.103139;
    }
    defaultFaces
    {
        type            empty;
    }
}


// ************************************************************************* //
