/*--------------------------------*- C++ -*----------------------------------*\
| =========                 |                                                 |
| \\      /  F ield         | OpenFOAM: The Open Source CFD Toolbox           |
|  \\    /   O peration     | Version:  2406                                  |
|   \\  /    A nd           | Website:  www.openfoam.com                      |
|    \\/     M anipulation  |                                                 |
\*---------------------------------------------------------------------------*/
FoamFile
{
    version     2.0;
    format      ascii;
    arch        "LSB;label=32;scalar=64";
    class       volScalarField;
    location    "0.5";
    object      H2O;
}
// * * * * * * * * * * * * * * * * * * * * * * * * * * * * * * * * * * * * * //

dimensions      [0 0 0 0 0 0 0];

internalField   nonuniform List<scalar> 
1000
(
0.0580665
0.0580665
0.0580665
0.0580664
0.0580664
0.0580663
0.0580663
0.0580662
0.0580662
0.0580661
0.0580661
0.058066
0.0580659
0.0580659
0.0580658
0.0580658
0.0580657
0.0580656
0.0580655
0.0580654
0.0580653
0.0580652
0.0580651
0.0580649
0.0580648
0.0580647
0.0580645
0.0580643
0.0580642
0.058064
0.0580638
0.0580637
0.0580635
0.0580633
0.0580631
0.0580629
0.0580627
0.0580625
0.0580623
0.0580621
0.0580619
0.0580616
0.0580614
0.0580611
0.0580609
0.0580606
0.0580602
0.0580599
0.0580595
0.0580592
0.0580587
0.0580582
0.0580577
0.0580572
0.0580565
0.0580558
0.058055
0.058054
0.058053
0.0580517
0.0580503
0.0580485
0.0580465
0.058044
0.058041
0.0580372
0.0580321
0.0580251
0.0580151
0.058
0.0579757
0.057933
0.0578475
0.0576443
0.0570646
0.0551289
0.0472557
0.0222742
0.0105374
0.00505841
0.00245422
0.00119889
0.000588077
0.000289136
0.000142326
7.00872e-05
3.45076e-05
1.69794e-05
8.34656e-06
4.09779e-06
2.00885e-06
9.83151e-07
4.80289e-07
2.34175e-07
1.13945e-07
5.53276e-08
2.68088e-08
1.29641e-08
6.25814e-09
3.0175e-09
1.45583e-09
7.04974e-10
3.45099e-10
1.72488e-10
8.93449e-11
5.23936e-11
3.48291e-11
2.84285e-11
2.27797e-11
1.95178e-11
1.84832e-11
1.75635e-11
1.70288e-11
1.68027e-11
1.67002e-11
1.66346e-11
1.66013e-11
1.6589e-11
1.658e-11
1.65757e-11
1.65738e-11
1.65723e-11
1.65718e-11
1.65714e-11
1.65713e-11
1.65712e-11
1.65711e-11
1.65711e-11
1.6571e-11
1.6571e-11
1.6571e-11
1.6571e-11
1.6571e-11
1.6571e-11
1.6571e-11
1.6571e-11
1.6571e-11
1.6571e-11
1.6571e-11
1.6571e-11
1.6571e-11
1.6571e-11
1.6571e-11
1.6571e-11
1.6571e-11
1.6571e-11
1.6571e-11
1.6571e-11
1.6571e-11
1.6571e-11
1.6571e-11
1.6571e-11
1.6571e-11
1.6571e-11
1.6571e-11
1.6571e-11
1.6571e-11
1.6571e-11
1.6571e-11
1.6571e-11
1.6571e-11
1.6571e-11
1.6571e-11
1.6571e-11
1.65711e-11
1.65711e-11
1.65711e-11
1.65711e-11
1.65711e-11
1.65711e-11
1.65711e-11
1.65711e-11
1.65711e-11
1.65711e-11
1.65711e-11
1.65711e-11
1.65711e-11
1.65711e-11
1.65711e-11
1.65711e-11
1.65711e-11
1.65711e-11
1.65711e-11
1.65711e-11
1.65711e-11
1.65711e-11
1.65711e-11
1.65711e-11
1.65711e-11
1.65711e-11
1.65711e-11
1.65711e-11
1.65711e-11
1.65711e-11
1.65711e-11
1.65711e-11
1.65711e-11
1.65711e-11
1.65711e-11
1.65711e-11
1.65711e-11
1.65711e-11
1.65711e-11
1.65711e-11
1.65711e-11
1.65711e-11
1.65711e-11
1.65711e-11
1.65711e-11
1.65711e-11
1.65711e-11
1.65711e-11
1.65711e-11
1.65711e-11
1.65711e-11
1.65711e-11
1.65711e-11
1.65711e-11
1.65711e-11
1.65711e-11
1.65711e-11
1.65711e-11
1.65711e-11
1.65711e-11
1.65711e-11
1.65711e-11
1.65711e-11
1.65711e-11
1.65711e-11
1.65711e-11
1.65711e-11
1.65711e-11
1.65711e-11
1.65711e-11
1.65711e-11
1.65711e-11
1.65711e-11
1.65711e-11
1.65711e-11
1.65711e-11
1.65711e-11
1.65711e-11
1.65712e-11
1.65712e-11
1.65712e-11
1.65712e-11
1.65712e-11
1.65712e-11
1.65712e-11
1.65712e-11
1.65712e-11
1.65712e-11
1.65712e-11
1.65712e-11
1.65712e-11
1.65712e-11
1.65712e-11
1.65712e-11
1.65712e-11
1.65712e-11
1.65712e-11
1.65712e-11
1.65712e-11
1.65712e-11
1.65712e-11
1.65712e-11
1.65712e-11
1.65712e-11
1.65712e-11
1.65712e-11
1.65712e-11
1.65712e-11
1.65712e-11
1.65712e-11
1.65712e-11
1.65712e-11
1.65712e-11
1.65712e-11
1.65712e-11
1.65712e-11
1.65712e-11
1.65712e-11
1.65712e-11
1.65712e-11
1.65712e-11
1.65712e-11
1.65712e-11
1.65712e-11
1.65712e-11
1.65712e-11
1.65712e-11
1.65712e-11
1.65712e-11
1.65712e-11
1.65712e-11
1.65712e-11
1.65712e-11
1.65712e-11
1.65712e-11
1.65712e-11
1.65712e-11
1.65712e-11
1.65712e-11
1.65712e-11
1.65712e-11
1.65712e-11
1.65712e-11
1.65712e-11
1.65712e-11
1.65712e-11
1.65712e-11
1.65712e-11
1.65712e-11
1.65712e-11
1.65712e-11
1.65712e-11
1.65712e-11
1.65712e-11
1.65712e-11
1.65712e-11
1.65712e-11
1.65712e-11
1.65712e-11
1.65712e-11
1.65712e-11
1.65712e-11
1.65712e-11
1.65712e-11
1.65712e-11
1.65712e-11
1.65712e-11
1.65712e-11
1.65712e-11
1.65712e-11
1.65712e-11
1.65712e-11
1.65712e-11
1.65712e-11
1.65712e-11
1.65712e-11
1.65712e-11
1.65712e-11
1.65712e-11
1.65712e-11
1.65712e-11
1.65712e-11
1.65712e-11
1.65712e-11
1.65712e-11
1.65712e-11
1.65712e-11
1.65712e-11
1.65712e-11
1.65712e-11
1.65712e-11
1.65713e-11
1.65713e-11
1.65713e-11
1.65713e-11
1.65713e-11
1.65713e-11
1.65713e-11
1.65713e-11
1.65713e-11
1.65713e-11
1.65713e-11
1.65713e-11
1.65713e-11
1.65713e-11
1.65713e-11
1.65713e-11
1.65713e-11
1.65713e-11
1.65713e-11
1.65713e-11
1.65713e-11
1.65713e-11
1.65713e-11
1.65713e-11
1.65713e-11
1.65713e-11
1.65713e-11
1.65713e-11
1.65713e-11
1.65713e-11
1.65713e-11
1.65713e-11
1.65713e-11
1.65713e-11
1.65713e-11
1.65713e-11
1.65713e-11
1.65713e-11
1.65713e-11
1.65713e-11
1.65713e-11
1.65713e-11
1.65714e-11
1.65714e-11
1.65714e-11
1.65714e-11
1.65714e-11
1.65714e-11
1.65714e-11
1.65714e-11
1.65714e-11
1.65714e-11
1.65714e-11
1.65714e-11
1.65714e-11
1.65714e-11
1.65714e-11
1.65714e-11
1.65714e-11
1.65714e-11
1.65714e-11
1.65714e-11
1.65714e-11
1.65714e-11
1.65714e-11
1.65714e-11
1.65714e-11
1.65714e-11
1.65714e-11
1.65714e-11
1.65714e-11
1.65714e-11
1.65715e-11
1.65715e-11
1.65715e-11
1.65715e-11
1.65715e-11
1.65715e-11
1.65715e-11
1.65715e-11
1.65715e-11
1.65715e-11
1.65715e-11
1.65715e-11
1.65715e-11
1.65715e-11
1.65715e-11
1.65715e-11
1.65715e-11
1.65715e-11
1.65715e-11
1.65715e-11
1.65715e-11
1.65715e-11
1.65715e-11
1.65715e-11
1.65715e-11
1.65715e-11
1.65716e-11
1.65716e-11
1.65716e-11
1.65716e-11
1.65716e-11
1.65716e-11
1.65716e-11
1.65716e-11
1.65716e-11
1.65716e-11
1.65716e-11
1.65716e-11
1.65716e-11
1.65716e-11
1.65716e-11
1.65716e-11
1.65716e-11
1.65716e-11
1.65716e-11
1.65716e-11
1.65716e-11
1.65716e-11
1.65717e-11
1.65717e-11
1.65717e-11
1.65717e-11
1.65717e-11
1.65717e-11
1.65717e-11
1.65717e-11
1.65717e-11
1.65717e-11
1.65717e-11
1.65717e-11
1.65717e-11
1.65717e-11
1.65717e-11
1.65717e-11
1.65717e-11
1.65717e-11
1.65717e-11
1.65717e-11
1.65717e-11
1.65718e-11
1.65718e-11
1.65718e-11
1.65718e-11
1.65718e-11
1.65718e-11
1.65718e-11
1.65718e-11
1.65718e-11
1.65718e-11
1.65718e-11
1.65718e-11
1.65718e-11
1.65718e-11
1.65718e-11
1.65718e-11
1.65718e-11
1.65718e-11
1.65718e-11
1.65718e-11
1.65719e-11
1.65719e-11
1.65719e-11
1.65719e-11
1.65719e-11
1.65719e-11
1.65719e-11
1.65719e-11
1.65719e-11
1.65719e-11
1.65719e-11
1.65719e-11
1.65719e-11
1.65719e-11
1.65719e-11
1.65719e-11
1.65719e-11
1.65719e-11
1.6572e-11
1.6572e-11
1.6572e-11
1.6572e-11
1.6572e-11
1.6572e-11
1.6572e-11
1.6572e-11
1.6572e-11
1.6572e-11
1.6572e-11
1.6572e-11
1.6572e-11
1.6572e-11
1.6572e-11
1.6572e-11
1.6572e-11
1.6572e-11
1.65721e-11
1.65721e-11
1.65721e-11
1.65721e-11
1.65721e-11
1.65721e-11
1.65721e-11
1.65721e-11
1.65721e-11
1.65721e-11
1.65721e-11
1.65721e-11
1.65721e-11
1.65721e-11
1.65721e-11
1.65721e-11
1.65721e-11
1.65722e-11
1.65722e-11
1.65722e-11
1.65722e-11
1.65722e-11
1.65722e-11
1.65722e-11
1.65722e-11
1.65722e-11
1.65722e-11
1.65722e-11
1.65722e-11
1.65722e-11
1.65722e-11
1.65722e-11
1.65722e-11
1.65722e-11
1.65723e-11
1.65723e-11
1.65723e-11
1.65723e-11
1.65723e-11
1.65723e-11
1.65723e-11
1.65723e-11
1.65723e-11
1.65723e-11
1.65723e-11
1.65723e-11
1.65723e-11
1.65723e-11
1.65723e-11
1.65723e-11
1.65724e-11
1.65724e-11
1.65724e-11
1.65724e-11
1.65724e-11
1.65724e-11
1.65724e-11
1.65724e-11
1.65724e-11
1.65724e-11
1.65724e-11
1.65724e-11
1.65724e-11
1.65724e-11
1.65724e-11
1.65724e-11
1.65725e-11
1.65725e-11
1.65725e-11
1.65725e-11
1.65725e-11
1.65725e-11
1.65725e-11
1.65725e-11
1.65725e-11
1.65725e-11
1.65725e-11
1.65725e-11
1.65725e-11
1.65725e-11
1.65725e-11
1.65726e-11
1.65726e-11
1.65726e-11
1.65726e-11
1.65726e-11
1.65726e-11
1.65726e-11
1.65726e-11
1.65726e-11
1.65726e-11
1.65726e-11
1.65726e-11
1.65726e-11
1.65726e-11
1.65726e-11
1.65727e-11
1.65727e-11
1.65727e-11
1.65727e-11
1.65727e-11
1.65727e-11
1.65727e-11
1.65727e-11
1.65727e-11
1.65727e-11
1.65727e-11
1.65727e-11
1.65727e-11
1.65727e-11
1.65728e-11
1.65728e-11
1.65728e-11
1.65728e-11
1.65728e-11
1.65728e-11
1.65728e-11
1.65728e-11
1.65728e-11
1.65728e-11
1.65728e-11
1.65728e-11
1.65728e-11
1.65728e-11
1.65728e-11
1.65729e-11
1.65729e-11
1.65729e-11
1.65729e-11
1.65729e-11
1.65729e-11
1.65729e-11
1.65729e-11
1.65729e-11
1.65729e-11
1.65729e-11
1.65729e-11
1.65729e-11
1.6573e-11
1.6573e-11
1.6573e-11
1.6573e-11
1.6573e-11
1.6573e-11
1.6573e-11
1.6573e-11
1.6573e-11
1.6573e-11
1.6573e-11
1.6573e-11
1.6573e-11
1.6573e-11
1.65731e-11
1.65731e-11
1.65731e-11
1.65731e-11
1.65731e-11
1.65731e-11
1.65731e-11
1.65731e-11
1.65731e-11
1.65731e-11
1.65731e-11
1.65731e-11
1.65732e-11
1.65732e-11
1.65732e-11
1.65732e-11
1.65732e-11
1.65732e-11
1.65732e-11
1.65732e-11
1.65732e-11
1.65732e-11
1.65732e-11
1.65732e-11
1.65732e-11
1.65733e-11
1.65733e-11
1.65733e-11
1.65733e-11
1.65733e-11
1.65733e-11
1.65733e-11
1.65733e-11
1.65733e-11
1.65733e-11
1.65733e-11
1.65733e-11
1.65734e-11
1.65734e-11
1.65734e-11
1.65734e-11
1.65734e-11
1.65734e-11
1.65734e-11
1.65734e-11
1.65734e-11
1.65734e-11
1.65734e-11
1.65734e-11
1.65735e-11
1.65735e-11
1.65735e-11
1.65735e-11
1.65735e-11
1.65735e-11
1.65735e-11
1.65735e-11
1.65735e-11
1.65735e-11
1.65735e-11
1.65735e-11
1.65736e-11
1.65736e-11
1.65736e-11
1.65736e-11
1.65736e-11
1.65736e-11
1.65736e-11
1.65736e-11
1.65736e-11
1.65736e-11
1.65736e-11
1.65737e-11
1.65737e-11
1.65737e-11
1.65737e-11
1.65737e-11
1.65737e-11
1.65737e-11
1.65737e-11
1.65737e-11
1.65737e-11
1.65737e-11
1.65738e-11
1.65738e-11
1.65738e-11
1.65738e-11
1.65738e-11
1.65738e-11
1.65738e-11
1.65738e-11
1.65738e-11
1.65738e-11
1.65738e-11
1.65739e-11
1.65739e-11
1.65739e-11
1.65739e-11
1.65739e-11
1.65739e-11
1.65739e-11
1.65739e-11
1.65739e-11
1.65739e-11
1.65739e-11
1.6574e-11
1.6574e-11
1.6574e-11
1.6574e-11
1.6574e-11
1.6574e-11
1.6574e-11
1.6574e-11
1.6574e-11
1.6574e-11
1.65741e-11
1.65741e-11
1.65741e-11
1.65741e-11
1.65741e-11
1.65741e-11
1.65741e-11
1.65741e-11
1.65741e-11
1.65741e-11
1.65742e-11
1.65742e-11
1.65742e-11
1.65742e-11
1.65742e-11
1.65742e-11
1.65742e-11
1.65742e-11
1.65742e-11
1.65742e-11
1.65742e-11
1.65743e-11
1.65743e-11
1.65743e-11
1.65743e-11
1.65743e-11
1.65743e-11
1.65743e-11
1.65743e-11
1.65743e-11
1.65743e-11
1.65744e-11
1.65744e-11
1.65744e-11
1.65744e-11
1.65744e-11
1.65744e-11
1.65744e-11
1.65744e-11
1.65744e-11
1.65745e-11
1.65745e-11
1.65745e-11
1.65745e-11
1.65745e-11
1.65745e-11
1.65745e-11
1.65745e-11
1.65745e-11
1.65745e-11
1.65746e-11
1.65746e-11
1.65746e-11
1.65746e-11
1.65746e-11
1.65746e-11
1.65746e-11
1.65746e-11
1.65746e-11
1.65746e-11
1.65747e-11
1.65747e-11
1.65747e-11
1.65747e-11
1.65747e-11
1.65747e-11
1.65747e-11
1.65747e-11
1.65747e-11
1.65748e-11
1.65748e-11
1.65748e-11
1.65748e-11
1.65748e-11
1.65748e-11
1.65748e-11
1.65748e-11
1.65748e-11
1.65749e-11
1.65749e-11
1.65749e-11
1.65749e-11
1.65749e-11
1.65749e-11
1.65749e-11
1.65749e-11
1.65749e-11
1.6575e-11
1.6575e-11
1.6575e-11
1.6575e-11
1.6575e-11
1.6575e-11
1.6575e-11
1.6575e-11
1.6575e-11
1.65751e-11
1.65751e-11
1.65751e-11
1.65751e-11
1.65751e-11
1.65751e-11
1.65751e-11
1.65751e-11
1.65751e-11
1.65752e-11
1.65752e-11
1.65752e-11
1.65752e-11
1.65752e-11
1.65752e-11
1.65752e-11
1.65752e-11
1.65752e-11
1.65753e-11
1.65753e-11
1.65753e-11
1.65753e-11
1.65753e-11
1.65753e-11
1.65753e-11
1.65753e-11
1.65753e-11
1.65754e-11
1.65754e-11
1.65754e-11
1.65754e-11
1.65754e-11
1.65754e-11
1.65754e-11
1.65754e-11
1.65754e-11
1.65755e-11
1.65755e-11
1.65755e-11
1.65755e-11
1.65755e-11
1.65755e-11
1.65755e-11
1.65755e-11
1.65755e-11
1.65756e-11
1.65756e-11
1.65756e-11
1.65756e-11
1.65756e-11
1.65756e-11
1.65756e-11
1.65756e-11
1.65757e-11
1.65757e-11
1.65757e-11
1.65757e-11
1.65757e-11
1.65757e-11
1.65757e-11
1.65757e-11
1.65757e-11
1.65758e-11
1.65758e-11
1.65758e-11
1.65758e-11
1.65758e-11
1.65758e-11
1.65758e-11
1.65758e-11
1.65758e-11
1.65759e-11
1.65759e-11
1.65759e-11
1.65759e-11
1.65759e-11
1.65759e-11
1.65759e-11
1.65759e-11
1.65759e-11
1.6576e-11
1.6576e-11
1.6576e-11
1.6576e-11
1.6576e-11
)
;

boundaryField
{
    fixedWall
    {
        type            zeroGradient;
    }
    outlet
    {
        type            inletOutlet;
        inletValue      uniform 0;
        value           uniform 1.6576e-11;
    }
    defaultFaces
    {
        type            empty;
    }
}


// ************************************************************************* //
