/*--------------------------------*- C++ -*----------------------------------*\
| =========                 |                                                 |
| \\      /  F ield         | OpenFOAM: The Open Source CFD Toolbox           |
|  \\    /   O peration     | Version:  2406                                  |
|   \\  /    A nd           | Website:  www.openfoam.com                      |
|    \\/     M anipulation  |                                                 |
\*---------------------------------------------------------------------------*/
FoamFile
{
    version     2.0;
    format      ascii;
    arch        "LSB;label=32;scalar=64";
    class       volScalarField;
    location    "0.5";
    object      O2;
}
// * * * * * * * * * * * * * * * * * * * * * * * * * * * * * * * * * * * * * //

dimensions      [0 0 0 0 0 0 0];

internalField   nonuniform List<scalar> 
1000
(
1.1402e-06
1.18498e-06
1.25091e-06
1.32978e-06
1.41693e-06
1.50923e-06
1.60442e-06
1.70098e-06
1.79811e-06
1.89565e-06
1.99411e-06
2.09454e-06
2.19836e-06
2.3073e-06
2.42314e-06
2.54764e-06
2.68242e-06
2.8289e-06
2.9882e-06
3.15913e-06
3.34077e-06
3.54367e-06
3.76074e-06
3.99163e-06
4.23586e-06
4.4928e-06
4.76166e-06
5.04157e-06
5.33159e-06
5.63083e-06
5.93846e-06
6.25381e-06
6.57641e-06
6.90601e-06
7.24266e-06
7.58673e-06
7.93892e-06
8.30027e-06
8.67221e-06
9.05652e-06
9.45538e-06
9.87136e-06
1.03074e-05
1.07669e-05
1.12538e-05
1.17722e-05
1.23272e-05
1.29241e-05
1.35693e-05
1.42701e-05
1.5035e-05
1.58739e-05
1.67991e-05
1.78251e-05
1.89703e-05
2.02572e-05
2.1714e-05
2.33757e-05
2.52857e-05
2.74977e-05
3.00792e-05
3.31176e-05
3.67333e-05
4.11019e-05
4.64951e-05
5.33484e-05
6.23737e-05
7.47529e-05
9.25112e-05
0.000119324
0.000162486
0.000238403
0.000390285
0.000751056
0.00178084
0.00521895
0.0192033
0.0635756
0.0844224
0.0941543
0.0987798
0.10101
0.102094
0.102625
0.102886
0.103015
0.103078
0.103109
0.103124
0.103132
0.103135
0.103137
0.103138
0.103139
0.103139
0.103139
0.103139
0.103139
0.103139
0.103139
0.103139
0.103139
0.103139
0.103139
0.103139
0.103139
0.103139
0.103139
0.103139
0.103139
0.103139
0.103139
0.103139
0.103139
0.103139
0.103139
0.103139
0.103139
0.103139
0.103139
0.103139
0.103139
0.103139
0.103139
0.103139
0.103139
0.103139
0.103139
0.103139
0.103139
0.103139
0.103139
0.103139
0.103139
0.103139
0.103139
0.103139
0.103139
0.103139
0.103139
0.103139
0.103139
0.103139
0.103139
0.103139
0.103139
0.103139
0.103139
0.103139
0.103139
0.103139
0.103139
0.103139
0.103139
0.103139
0.103139
0.103139
0.103139
0.103139
0.103139
0.103139
0.103139
0.103139
0.103139
0.103139
0.103139
0.103139
0.103139
0.103139
0.103139
0.103139
0.103139
0.103139
0.103139
0.103139
0.103139
0.103139
0.103139
0.103139
0.103139
0.103139
0.103139
0.103139
0.103139
0.103139
0.103139
0.103139
0.103139
0.103139
0.103139
0.103139
0.103139
0.103139
0.103139
0.103139
0.103139
0.103139
0.103139
0.103139
0.103139
0.103139
0.103139
0.103139
0.103139
0.103139
0.103139
0.103139
0.103139
0.103139
0.103139
0.103139
0.103139
0.103139
0.103139
0.103139
0.103139
0.103139
0.103139
0.103139
0.103139
0.103139
0.103139
0.103139
0.103139
0.103139
0.103139
0.103139
0.103139
0.103139
0.103139
0.103139
0.103139
0.103139
0.103139
0.103139
0.103139
0.103139
0.103139
0.103139
0.103139
0.103139
0.103139
0.103139
0.103139
0.103139
0.103139
0.103139
0.103139
0.103139
0.103139
0.103139
0.103139
0.103139
0.103139
0.103139
0.103139
0.103139
0.103139
0.103139
0.103139
0.103139
0.103139
0.103139
0.103139
0.103139
0.103139
0.103139
0.103139
0.103139
0.103139
0.103139
0.103139
0.103139
0.103139
0.103139
0.103139
0.103139
0.103139
0.103139
0.103139
0.103139
0.103139
0.103139
0.103139
0.103139
0.103139
0.103139
0.103139
0.103139
0.103139
0.103139
0.103139
0.103139
0.103139
0.103139
0.103139
0.103139
0.103139
0.103139
0.103139
0.103139
0.103139
0.103139
0.103139
0.103139
0.103139
0.103139
0.103139
0.103139
0.103139
0.103139
0.103139
0.103139
0.103139
0.103139
0.103139
0.103139
0.103139
0.103139
0.103139
0.103139
0.103139
0.103139
0.103139
0.103139
0.103139
0.103139
0.103139
0.103139
0.103139
0.103139
0.103139
0.103139
0.103139
0.103139
0.103139
0.103139
0.103139
0.103139
0.103139
0.103139
0.103139
0.103139
0.103139
0.103139
0.103139
0.103139
0.103139
0.103139
0.103139
0.103139
0.103139
0.103139
0.103139
0.103139
0.103139
0.103139
0.103139
0.103139
0.103139
0.103139
0.103139
0.103139
0.103139
0.103139
0.103139
0.103139
0.103139
0.103139
0.103139
0.103139
0.103139
0.103139
0.103139
0.103139
0.103139
0.103139
0.103139
0.103139
0.103139
0.103139
0.103139
0.103139
0.103139
0.103139
0.103139
0.103139
0.103139
0.103139
0.103139
0.103139
0.103139
0.103139
0.103139
0.103139
0.103139
0.103139
0.103139
0.103139
0.103139
0.103139
0.103139
0.103139
0.103139
0.103139
0.103139
0.103139
0.103139
0.103139
0.103139
0.103139
0.103139
0.103139
0.103139
0.103139
0.103139
0.103139
0.103139
0.103139
0.103139
0.103139
0.103139
0.103139
0.103139
0.103139
0.103139
0.103139
0.103139
0.103139
0.103139
0.103139
0.103139
0.103139
0.103139
0.103139
0.103139
0.103139
0.103139
0.103139
0.103139
0.103139
0.103139
0.103139
0.103139
0.103139
0.103139
0.103139
0.103139
0.103139
0.103139
0.103139
0.103139
0.103139
0.103139
0.103139
0.103139
0.103139
0.103139
0.103139
0.103139
0.103139
0.103139
0.103139
0.103139
0.103139
0.103139
0.103139
0.103139
0.103139
0.103139
0.103139
0.103139
0.103139
0.103139
0.103139
0.103139
0.103139
0.103139
0.103139
0.103139
0.103139
0.103139
0.103139
0.103139
0.103139
0.103139
0.103139
0.103139
0.103139
0.103139
0.103139
0.103139
0.103139
0.103139
0.103139
0.103139
0.103139
0.103139
0.103139
0.103139
0.103139
0.103139
0.103139
0.103139
0.103139
0.103139
0.103139
0.103139
0.103139
0.103139
0.103139
0.103139
0.103139
0.103139
0.103139
0.103139
0.103139
0.103139
0.103139
0.103139
0.103139
0.103139
0.103139
0.103139
0.103139
0.103139
0.103139
0.103139
0.103139
0.103139
0.103139
0.103139
0.103139
0.103139
0.103139
0.103139
0.103139
0.103139
0.103139
0.103139
0.103139
0.103139
0.103139
0.103139
0.103139
0.103139
0.103139
0.103139
0.103139
0.103139
0.103139
0.103139
0.103139
0.103139
0.103139
0.103139
0.103139
0.103139
0.103139
0.103139
0.103139
0.103139
0.103139
0.103139
0.103139
0.103139
0.103139
0.103139
0.103139
0.103139
0.103139
0.103139
0.103139
0.103139
0.103139
0.103139
0.103139
0.103139
0.103139
0.103139
0.103139
0.103139
0.103139
0.103139
0.103139
0.103139
0.103139
0.103139
0.103139
0.103139
0.103139
0.103139
0.103139
0.103139
0.103139
0.103139
0.103139
0.103139
0.103139
0.103139
0.103139
0.103139
0.103139
0.103139
0.103139
0.103139
0.103139
0.103139
0.103139
0.103139
0.103139
0.103139
0.103139
0.103139
0.103139
0.103139
0.103139
0.103139
0.103139
0.103139
0.103139
0.103139
0.103139
0.103139
0.103139
0.103139
0.103139
0.103139
0.103139
0.103139
0.103139
0.103139
0.103139
0.103139
0.103139
0.103139
0.103139
0.103139
0.103139
0.103139
0.103139
0.103139
0.103139
0.103139
0.103139
0.103139
0.103139
0.103139
0.103139
0.103139
0.103139
0.103139
0.103139
0.103139
0.103139
0.103139
0.103139
0.103139
0.103139
0.103139
0.103139
0.103139
0.103139
0.103139
0.103139
0.103139
0.103139
0.103139
0.103139
0.103139
0.103139
0.103139
0.103139
0.103139
0.103139
0.103139
0.103139
0.103139
0.103139
0.103139
0.103139
0.103139
0.103139
0.103139
0.103139
0.103139
0.103139
0.103139
0.103139
0.103139
0.103139
0.103139
0.103139
0.103139
0.103139
0.103139
0.103139
0.103139
0.103139
0.103139
0.103139
0.103139
0.103139
0.103139
0.103139
0.103139
0.103139
0.103139
0.103139
0.103139
0.103139
0.103139
0.103139
0.103139
0.103139
0.103139
0.103139
0.103139
0.103139
0.103139
0.103139
0.103139
0.103139
0.103139
0.103139
0.103139
0.103139
0.103139
0.103139
0.103139
0.103139
0.103139
0.103139
0.103139
0.103139
0.103139
0.103139
0.103139
0.103139
0.103139
0.103139
0.103139
0.103139
0.103139
0.103139
0.103139
0.103139
0.103139
0.103139
0.103139
0.103139
0.103139
0.103139
0.103139
0.103139
0.103139
0.103139
0.103139
0.103139
0.103139
0.103139
0.103139
0.103139
0.103139
0.103139
0.103139
0.103139
0.103139
0.103139
0.103139
0.103139
0.103139
0.103139
0.103139
0.103139
0.103139
0.103139
0.103139
0.103139
0.103139
0.103139
0.103139
0.103139
0.103139
0.103139
0.103139
0.103139
0.103139
0.103139
0.103139
0.103139
0.103139
0.103139
0.103139
0.103139
0.103139
0.103139
0.103139
0.103139
0.103139
0.103139
0.103139
0.103139
0.103139
0.103139
0.103139
0.103139
0.103139
0.103139
0.103139
0.103139
0.103139
0.103139
0.103139
0.103139
0.103139
0.103139
0.103139
0.103139
0.103139
0.103139
0.103139
0.103139
0.103139
0.103139
0.103139
0.103139
0.103139
0.103139
0.103139
0.103139
0.103139
0.103139
0.103139
0.103139
0.103139
0.103139
0.103139
0.103139
0.103139
0.103139
0.103139
0.103139
0.103139
0.103139
0.103139
0.103139
0.103139
0.103139
0.103139
0.103139
0.103139
0.103139
0.103139
0.103139
0.103139
0.103139
0.103139
0.103139
0.103139
0.103139
0.103139
0.103139
0.103139
0.103139
0.103139
0.103139
0.103139
0.103139
0.103139
0.103139
0.103139
0.103139
0.103139
0.103139
0.103139
0.103139
0.103139
0.103139
0.103139
0.103139
0.103139
0.103139
0.103139
0.103139
0.103139
0.103139
0.103139
0.103139
0.103139
0.103139
0.103139
0.103139
0.103139
0.103139
0.103139
0.103139
0.103139
0.103139
0.103139
0.103139
0.103139
0.103139
0.103139
0.103139
0.103139
0.103139
0.103139
0.103139
0.103139
0.103139
0.103139
0.103139
0.103139
0.103139
0.103139
0.103139
0.103139
0.103139
0.103139
0.103139
0.103139
0.103139
0.103139
0.103139
0.103139
0.103139
0.103139
0.103139
0.103139
0.103139
0.103139
0.103139
0.103139
0.103139
0.103139
0.103139
0.103139
0.103139
0.103139
0.103139
0.103139
0.103139
0.103139
0.103139
0.103139
0.103139
0.103139
0.103139
0.103139
0.103139
0.103139
0.103139
0.103139
0.103139
0.103139
0.103139
0.103139
0.103139
0.103139
0.103139
0.103139
0.103139
0.103139
0.103139
0.103139
0.103139
0.103139
0.103139
0.103139
0.103139
0.103139
0.103139
0.103139
0.103139
0.103139
0.103139
0.103139
0.103139
0.103139
0.103139
0.103139
0.103139
0.103139
0.103139
0.103139
0.103139
0.103139
0.103139
0.103139
0.103139
0.103139
0.103139
0.103139
0.103139
0.103139
0.103139
0.103139
0.103139
0.103139
)
;

boundaryField
{
    fixedWall
    {
        type            zeroGradient;
    }
    outlet
    {
        type            inletOutlet;
        inletValue      uniform 0;
        value           uniform 0.103139;
    }
    defaultFaces
    {
        type            empty;
    }
}


// ************************************************************************* //
