/*--------------------------------*- C++ -*----------------------------------*\
| =========                 |                                                 |
| \\      /  F ield         | OpenFOAM: The Open Source CFD Toolbox           |
|  \\    /   O peration     | Version:  2406                                  |
|   \\  /    A nd           | Website:  www.openfoam.com                      |
|    \\/     M anipulation  |                                                 |
\*---------------------------------------------------------------------------*/
FoamFile
{
    version     2.0;
    format      ascii;
    arch        "LSB;label=32;scalar=64";
    class       volScalarField;
    location    "9.5";
    object      H2O;
}
// * * * * * * * * * * * * * * * * * * * * * * * * * * * * * * * * * * * * * //

dimensions      [0 0 0 0 0 0 0];

internalField   nonuniform List<scalar> 
1000
(
0.0580665
0.0580665
0.0580665
0.0580665
0.0580665
0.0580665
0.0580665
0.0580665
0.0580666
0.0580666
0.0580666
0.0580666
0.0580666
0.0580666
0.0580666
0.0580666
0.0580666
0.0580666
0.0580666
0.0580666
0.0580666
0.0580666
0.0580667
0.0580667
0.0580667
0.0580667
0.0580667
0.0580667
0.0580667
0.0580667
0.0580667
0.0580667
0.0580667
0.0580667
0.0580668
0.0580668
0.0580668
0.0580668
0.0580668
0.0580668
0.0580668
0.0580668
0.0580668
0.0580668
0.0580668
0.0580668
0.0580668
0.0580669
0.0580669
0.0580669
0.0580669
0.0580669
0.0580669
0.0580669
0.0580669
0.0580669
0.0580669
0.0580669
0.0580669
0.0580669
0.0580669
0.0580669
0.0580669
0.058067
0.058067
0.058067
0.058067
0.058067
0.058067
0.058067
0.058067
0.058067
0.058067
0.058067
0.058067
0.058067
0.058067
0.058067
0.058067
0.058067
0.058067
0.058067
0.058067
0.058067
0.058067
0.058067
0.058067
0.058067
0.058067
0.058067
0.058067
0.058067
0.058067
0.058067
0.058067
0.058067
0.058067
0.058067
0.058067
0.058067
0.058067
0.058067
0.058067
0.0580671
0.0580671
0.0580671
0.0580671
0.0580671
0.0580671
0.0580671
0.0580671
0.0580671
0.0580671
0.0580671
0.0580671
0.0580671
0.0580671
0.0580671
0.0580671
0.0580671
0.0580671
0.0580671
0.0580671
0.0580671
0.0580671
0.0580671
0.0580671
0.0580671
0.0580671
0.0580671
0.0580671
0.0580671
0.0580671
0.0580671
0.0580671
0.0580671
0.0580671
0.0580671
0.0580671
0.0580671
0.0580671
0.0580671
0.0580671
0.0580671
0.0580671
0.0580671
0.0580671
0.0580671
0.0580671
0.0580671
0.0580671
0.0580671
0.0580671
0.0580671
0.0580671
0.0580671
0.0580671
0.0580671
0.0580671
0.0580671
0.0580671
0.0580671
0.0580671
0.0580671
0.0580671
0.0580671
0.0580671
0.0580671
0.0580671
0.0580671
0.0580671
0.0580671
0.0580671
0.0580671
0.0580671
0.0580671
0.0580671
0.0580671
0.0580671
0.0580671
0.0580671
0.0580671
0.0580671
0.0580671
0.0580671
0.0580671
0.0580671
0.0580671
0.0580671
0.0580671
0.0580671
0.0580671
0.0580671
0.0580671
0.0580671
0.0580671
0.0580671
0.0580671
0.0580671
0.0580671
0.0580671
0.0580671
0.0580671
0.0580671
0.0580671
0.0580671
0.0580671
0.0580671
0.0580671
0.0580671
0.0580671
0.0580671
0.0580671
0.0580671
0.0580671
0.0580671
0.0580671
0.0580671
0.0580671
0.0580671
0.0580671
0.0580671
0.0580671
0.0580671
0.0580671
0.0580671
0.0580671
0.0580671
0.0580671
0.0580671
0.0580671
0.0580671
0.0580671
0.0580671
0.0580671
0.0580671
0.0580671
0.0580671
0.0580671
0.0580671
0.0580671
0.0580671
0.0580671
0.0580671
0.0580671
0.0580671
0.0580671
0.0580671
0.0580671
0.0580671
0.0580671
0.0580671
0.0580671
0.0580671
0.0580671
0.0580671
0.0580671
0.0580671
0.0580671
0.0580671
0.0580671
0.0580671
0.0580671
0.0580671
0.0580671
0.0580671
0.0580671
0.0580671
0.0580671
0.0580671
0.0580671
0.0580671
0.0580671
0.0580671
0.0580671
0.0580671
0.0580671
0.0580671
0.0580671
0.0580671
0.0580671
0.0580671
0.0580671
0.0580671
0.0580671
0.0580671
0.0580671
0.0580671
0.0580671
0.0580671
0.0580671
0.0580671
0.0580671
0.0580671
0.0580671
0.0580671
0.0580671
0.0580671
0.0580671
0.0580671
0.0580671
0.0580671
0.0580671
0.0580671
0.0580671
0.0580671
0.0580671
0.0580671
0.0580671
0.0580671
0.0580671
0.0580671
0.0580671
0.0580671
0.0580671
0.0580671
0.0580671
0.0580671
0.0580671
0.0580671
0.0580671
0.058067
0.058067
0.058067
0.058067
0.058067
0.058067
0.058067
0.058067
0.058067
0.058067
0.058067
0.058067
0.058067
0.058067
0.058067
0.058067
0.058067
0.058067
0.058067
0.058067
0.058067
0.058067
0.058067
0.058067
0.058067
0.058067
0.058067
0.058067
0.058067
0.058067
0.058067
0.058067
0.058067
0.058067
0.058067
0.058067
0.058067
0.058067
0.058067
0.058067
0.058067
0.058067
0.058067
0.058067
0.058067
0.058067
0.058067
0.058067
0.058067
0.058067
0.058067
0.058067
0.058067
0.058067
0.058067
0.058067
0.058067
0.058067
0.058067
0.058067
0.058067
0.058067
0.058067
0.058067
0.058067
0.058067
0.058067
0.058067
0.058067
0.058067
0.058067
0.058067
0.058067
0.058067
0.058067
0.058067
0.058067
0.058067
0.058067
0.058067
0.058067
0.058067
0.058067
0.058067
0.058067
0.058067
0.058067
0.058067
0.058067
0.058067
0.058067
0.058067
0.058067
0.058067
0.058067
0.058067
0.058067
0.058067
0.058067
0.058067
0.058067
0.058067
0.058067
0.058067
0.058067
0.058067
0.058067
0.058067
0.058067
0.058067
0.058067
0.058067
0.058067
0.058067
0.058067
0.058067
0.058067
0.058067
0.058067
0.058067
0.058067
0.058067
0.058067
0.058067
0.058067
0.058067
0.058067
0.058067
0.058067
0.058067
0.058067
0.058067
0.058067
0.058067
0.058067
0.058067
0.058067
0.058067
0.058067
0.058067
0.058067
0.058067
0.058067
0.058067
0.058067
0.058067
0.058067
0.058067
0.058067
0.058067
0.058067
0.058067
0.058067
0.058067
0.058067
0.058067
0.058067
0.058067
0.058067
0.058067
0.058067
0.058067
0.058067
0.058067
0.058067
0.058067
0.058067
0.058067
0.058067
0.058067
0.058067
0.058067
0.058067
0.058067
0.058067
0.058067
0.058067
0.058067
0.058067
0.058067
0.058067
0.058067
0.058067
0.058067
0.058067
0.058067
0.058067
0.058067
0.058067
0.058067
0.058067
0.058067
0.058067
0.058067
0.058067
0.058067
0.058067
0.058067
0.058067
0.058067
0.058067
0.058067
0.058067
0.058067
0.058067
0.058067
0.058067
0.058067
0.058067
0.058067
0.058067
0.058067
0.058067
0.058067
0.058067
0.058067
0.058067
0.058067
0.058067
0.058067
0.058067
0.058067
0.058067
0.058067
0.058067
0.058067
0.058067
0.058067
0.058067
0.058067
0.058067
0.058067
0.058067
0.058067
0.058067
0.058067
0.058067
0.058067
0.058067
0.058067
0.058067
0.058067
0.058067
0.058067
0.058067
0.058067
0.058067
0.058067
0.058067
0.058067
0.058067
0.058067
0.058067
0.058067
0.058067
0.058067
0.058067
0.058067
0.058067
0.058067
0.058067
0.058067
0.058067
0.058067
0.058067
0.058067
0.058067
0.058067
0.058067
0.058067
0.058067
0.058067
0.058067
0.058067
0.058067
0.058067
0.058067
0.058067
0.058067
0.058067
0.058067
0.058067
0.058067
0.058067
0.058067
0.058067
0.058067
0.058067
0.058067
0.058067
0.058067
0.058067
0.058067
0.058067
0.058067
0.058067
0.058067
0.058067
0.058067
0.058067
0.058067
0.058067
0.058067
0.058067
0.058067
0.058067
0.058067
0.058067
0.058067
0.058067
0.058067
0.058067
0.058067
0.058067
0.058067
0.058067
0.058067
0.058067
0.058067
0.058067
0.058067
0.058067
0.058067
0.058067
0.058067
0.058067
0.058067
0.058067
0.058067
0.058067
0.058067
0.058067
0.058067
0.058067
0.058067
0.058067
0.058067
0.058067
0.058067
0.058067
0.058067
0.058067
0.058067
0.058067
0.058067
0.058067
0.058067
0.058067
0.058067
0.058067
0.058067
0.058067
0.058067
0.058067
0.058067
0.058067
0.058067
0.058067
0.058067
0.058067
0.058067
0.058067
0.058067
0.058067
0.058067
0.058067
0.058067
0.058067
0.058067
0.058067
0.058067
0.058067
0.058067
0.058067
0.058067
0.058067
0.058067
0.058067
0.058067
0.058067
0.058067
0.058067
0.058067
0.058067
0.058067
0.058067
0.058067
0.058067
0.058067
0.058067
0.058067
0.058067
0.058067
0.058067
0.058067
0.058067
0.058067
0.058067
0.058067
0.058067
0.058067
0.058067
0.058067
0.058067
0.058067
0.058067
0.058067
0.058067
0.058067
0.058067
0.058067
0.058067
0.058067
0.058067
0.058067
0.058067
0.058067
0.058067
0.058067
0.058067
0.058067
0.058067
0.058067
0.058067
0.058067
0.058067
0.058067
0.058067
0.058067
0.058067
0.058067
0.058067
0.058067
0.058067
0.058067
0.058067
0.058067
0.058067
0.058067
0.058067
0.058067
0.058067
0.058067
0.058067
0.058067
0.058067
0.058067
0.058067
0.058067
0.058067
0.058067
0.058067
0.058067
0.058067
0.058067
0.058067
0.058067
0.058067
0.058067
0.058067
0.058067
0.058067
0.058067
0.058067
0.058067
0.058067
0.058067
0.058067
0.058067
0.058067
0.058067
0.058067
0.058067
0.058067
0.058067
0.058067
0.058067
0.058067
0.058067
0.058067
0.058067
0.058067
0.058067
0.058067
0.058067
0.058067
0.058067
0.058067
0.058067
0.058067
0.058067
0.058067
0.058067
0.058067
0.058067
0.058067
0.0580669
0.0580669
0.0580669
0.0580669
0.0580669
0.0580669
0.0580669
0.0580669
0.0580669
0.0580669
0.0580669
0.0580669
0.0580669
0.0580669
0.0580669
0.0580669
0.0580669
0.0580669
0.0580669
0.0580668
0.0580668
0.0580668
0.0580668
0.0580668
0.0580667
0.0580667
0.0580667
0.0580666
0.0580666
0.0580665
0.0580665
0.0580664
0.0580663
0.0580663
0.0580662
0.0580661
0.0580659
0.0580658
0.0580656
0.0580655
0.0580653
0.0580651
0.0580648
0.0580645
0.0580642
0.0580638
0.0580634
0.058063
0.0580625
0.0580619
0.0580613
0.0580606
0.0580598
0.0580589
0.0580579
0.0580568
0.0580555
0.0580541
0.0580526
0.0580509
0.058049
0.0580469
0.0580445
0.0580419
0.058039
0.0580358
0.0580323
0.0580283
0.058024
0.0580192
0.0580139
0.0580081
0.0580016
0.0579946
0.0579868
0.0579782
0.0579688
0.0579585
0.0579472
0.0579348
0.0579212
0.0579064
0.0578901
0.0578724
0.0578531
0.057832
0.057809
0.057784
0.0577568
0.0577272
0.0576951
0.0576602
0.0576224
0.0575815
0.0575372
0.0574893
0.0574376
0.0573817
0.0573214
0.0572564
0.0571865
0.0571112
0.0570303
0.0569433
0.05685
0.05675
0.0566427
0.056528
0.0564052
0.056274
0.0561339
0.0559844
0.0558251
0.0556554
0.0554749
0.0552829
0.0550789
0.0548625
0.054633
0.0543898
0.0541324
0.0538602
0.0535726
0.0532689
0.0529486
0.052611
0.0522556
0.0518818
0.0514889
0.0510763
0.0506436
0.05019
0.0497151
0.0492183
0.048699
0.0481569
0.0475913
0.047002
0.0463884
0.0457502
0.045087
0.0443986
0.0436848
0.0429452
0.0421798
0.0413885
0.0405712
0.0397279
0.0388588
0.037964
0.0370438
0.0360983
0.0351281
0.0341334
0.0331147
0.0320858
0.0310421
0.029956
0.0288495
0.0277236
0.0265791
0.0254172
0.0242391
0.0230461
0.0218398
0.0206216
0.0193933
0.0181568
0.0169139
0.0156667
0.0144176
0.0131689
0.0119232
0.0106835
0.00945289
0.00823479
0.00703309
0.00585214
0.00469689
0.00357301
0.00248703
0.00144657
0.000460503
)
;

boundaryField
{
    fixedWall
    {
        type            zeroGradient;
    }
    outlet
    {
        type            inletOutlet;
        inletValue      uniform 0;
        value           uniform 0;
    }
    defaultFaces
    {
        type            empty;
    }
}


// ************************************************************************* //
