/*--------------------------------*- C++ -*----------------------------------*\
| =========                 |                                                 |
| \\      /  F ield         | OpenFOAM: The Open Source CFD Toolbox           |
|  \\    /   O peration     | Version:  2406                                  |
|   \\  /    A nd           | Website:  www.openfoam.com                      |
|    \\/     M anipulation  |                                                 |
\*---------------------------------------------------------------------------*/
FoamFile
{
    version     2.0;
    format      ascii;
    arch        "LSB;label=32;scalar=64";
    class       volScalarField;
    location    "0.6";
    object      O2;
}
// * * * * * * * * * * * * * * * * * * * * * * * * * * * * * * * * * * * * * //

dimensions      [0 0 0 0 0 0 0];

internalField   nonuniform List<scalar> 
1000
(
1.28645e-06
1.32357e-06
1.3787e-06
1.44462e-06
1.51718e-06
1.59347e-06
1.6714e-06
1.7494e-06
1.82645e-06
1.90202e-06
1.97605e-06
2.04893e-06
2.1214e-06
2.19447e-06
2.26931e-06
2.34711e-06
2.42906e-06
2.51621e-06
2.60947e-06
2.70955e-06
2.81697e-06
2.93202e-06
3.05436e-06
3.18134e-06
3.32013e-06
3.46614e-06
3.61885e-06
3.77771e-06
3.94214e-06
4.11157e-06
4.28542e-06
4.46315e-06
4.64424e-06
4.82826e-06
5.01487e-06
5.20382e-06
5.39499e-06
5.58836e-06
5.78404e-06
5.98226e-06
6.18336e-06
6.38781e-06
6.59615e-06
6.80906e-06
7.02726e-06
7.25159e-06
7.48295e-06
7.7223e-06
7.97068e-06
8.22922e-06
8.49911e-06
8.78163e-06
9.07818e-06
9.39031e-06
9.71974e-06
1.00684e-05
1.04386e-05
1.08329e-05
1.12544e-05
1.17067e-05
1.2194e-05
1.27215e-05
1.32948e-05
1.3921e-05
1.46078e-05
1.53646e-05
1.62021e-05
1.7133e-05
1.8172e-05
1.9337e-05
2.06496e-05
2.21361e-05
2.38302e-05
2.57753e-05
2.80309e-05
3.06807e-05
3.38475e-05
3.77148e-05
4.25585e-05
4.87943e-05
5.70537e-05
6.83314e-05
8.43231e-05
0.000108243
0.000146782
0.000214857
0.000348535
0.000647925
0.00142625
0.0037088
0.0111645
0.04704
0.0741921
0.0884365
0.0957457
0.0994454
0.101302
0.102228
0.102688
0.102916
0.103029
0.103085
0.103112
0.103126
0.103133
0.103136
0.103137
0.103138
0.103139
0.103139
0.103139
0.103139
0.103139
0.103139
0.103139
0.103139
0.103139
0.103139
0.103139
0.103139
0.103139
0.103139
0.103139
0.103139
0.103139
0.103139
0.103139
0.103139
0.103139
0.103139
0.103139
0.103139
0.103139
0.103139
0.103139
0.103139
0.103139
0.103139
0.103139
0.103139
0.103139
0.103139
0.103139
0.103139
0.103139
0.103139
0.103139
0.103139
0.103139
0.103139
0.103139
0.103139
0.103139
0.103139
0.103139
0.103139
0.103139
0.103139
0.103139
0.103139
0.103139
0.103139
0.103139
0.103139
0.103139
0.103139
0.103139
0.103139
0.103139
0.103139
0.103139
0.103139
0.103139
0.103139
0.103139
0.103139
0.103139
0.103139
0.103139
0.103139
0.103139
0.103139
0.103139
0.103139
0.103139
0.103139
0.103139
0.103139
0.103139
0.103139
0.103139
0.103139
0.103139
0.103139
0.103139
0.103139
0.103139
0.103139
0.103139
0.103139
0.103139
0.103139
0.103139
0.103139
0.103139
0.103139
0.103139
0.103139
0.103139
0.103139
0.103139
0.103139
0.103139
0.103139
0.103139
0.103139
0.103139
0.103139
0.103139
0.103139
0.103139
0.103139
0.103139
0.103139
0.103139
0.103139
0.103139
0.103139
0.103139
0.103139
0.103139
0.103139
0.103139
0.103139
0.103139
0.103139
0.103139
0.103139
0.103139
0.103139
0.103139
0.103139
0.103139
0.103139
0.103139
0.103139
0.103139
0.103139
0.103139
0.103139
0.103139
0.103139
0.103139
0.103139
0.103139
0.103139
0.103139
0.103139
0.103139
0.103139
0.103139
0.103139
0.103139
0.103139
0.103139
0.103139
0.103139
0.103139
0.103139
0.103139
0.103139
0.103139
0.103139
0.103139
0.103139
0.103139
0.103139
0.103139
0.103139
0.103139
0.103139
0.103139
0.103139
0.103139
0.103139
0.103139
0.103139
0.103139
0.103139
0.103139
0.103139
0.103139
0.103139
0.103139
0.103139
0.103139
0.103139
0.103139
0.103139
0.103139
0.103139
0.103139
0.103139
0.103139
0.103139
0.103139
0.103139
0.103139
0.103139
0.103139
0.103139
0.103139
0.103139
0.103139
0.103139
0.103139
0.103139
0.103139
0.103139
0.103139
0.103139
0.103139
0.103139
0.103139
0.103139
0.103139
0.103139
0.103139
0.103139
0.103139
0.103139
0.103139
0.103139
0.103139
0.103139
0.103139
0.103139
0.103139
0.103139
0.103139
0.103139
0.103139
0.103139
0.103139
0.103139
0.103139
0.103139
0.103139
0.103139
0.103139
0.103139
0.103139
0.103139
0.103139
0.103139
0.103139
0.103139
0.103139
0.103139
0.103139
0.103139
0.103139
0.103139
0.103139
0.103139
0.103139
0.103139
0.103139
0.103139
0.103139
0.103139
0.103139
0.103139
0.103139
0.103139
0.103139
0.103139
0.103139
0.103139
0.103139
0.103139
0.103139
0.103139
0.103139
0.103139
0.103139
0.103139
0.103139
0.103139
0.103139
0.103139
0.103139
0.103139
0.103139
0.103139
0.103139
0.103139
0.103139
0.103139
0.103139
0.103139
0.103139
0.103139
0.103139
0.103139
0.103139
0.103139
0.103139
0.103139
0.103139
0.103139
0.103139
0.103139
0.103139
0.103139
0.103139
0.103139
0.103139
0.103139
0.103139
0.103139
0.103139
0.103139
0.103139
0.103139
0.103139
0.103139
0.103139
0.103139
0.103139
0.103139
0.103139
0.103139
0.103139
0.103139
0.103139
0.103139
0.103139
0.103139
0.103139
0.103139
0.103139
0.103139
0.103139
0.103139
0.103139
0.103139
0.103139
0.103139
0.103139
0.103139
0.103139
0.103139
0.103139
0.103139
0.103139
0.103139
0.103139
0.103139
0.103139
0.103139
0.103139
0.103139
0.103139
0.103139
0.103139
0.103139
0.103139
0.103139
0.103139
0.103139
0.103139
0.103139
0.103139
0.103139
0.103139
0.103139
0.103139
0.103139
0.103139
0.103139
0.103139
0.103139
0.103139
0.103139
0.103139
0.103139
0.103139
0.103139
0.103139
0.103139
0.103139
0.103139
0.103139
0.103139
0.103139
0.103139
0.103139
0.103139
0.103139
0.103139
0.103139
0.103139
0.103139
0.103139
0.103139
0.103139
0.103139
0.103139
0.103139
0.103139
0.103139
0.103139
0.103139
0.103139
0.103139
0.103139
0.103139
0.103139
0.103139
0.103139
0.103139
0.103139
0.103139
0.103139
0.103139
0.103139
0.103139
0.103139
0.103139
0.103139
0.103139
0.103139
0.103139
0.103139
0.103139
0.103139
0.103139
0.103139
0.103139
0.103139
0.103139
0.103139
0.103139
0.103139
0.103139
0.103139
0.103139
0.103139
0.103139
0.103139
0.103139
0.103139
0.103139
0.103139
0.103139
0.103139
0.103139
0.103139
0.103139
0.103139
0.103139
0.103139
0.103139
0.103139
0.103139
0.103139
0.103139
0.103139
0.103139
0.103139
0.103139
0.103139
0.103139
0.103139
0.103139
0.103139
0.103139
0.103139
0.103139
0.103139
0.103139
0.103139
0.103139
0.103139
0.103139
0.103139
0.103139
0.103139
0.103139
0.103139
0.103139
0.103139
0.103139
0.103139
0.103139
0.103139
0.103139
0.103139
0.103139
0.103139
0.103139
0.103139
0.103139
0.103139
0.103139
0.103139
0.103139
0.103139
0.103139
0.103139
0.103139
0.103139
0.103139
0.103139
0.103139
0.103139
0.103139
0.103139
0.103139
0.103139
0.103139
0.103139
0.103139
0.103139
0.103139
0.103139
0.103139
0.103139
0.103139
0.103139
0.103139
0.103139
0.103139
0.103139
0.103139
0.103139
0.103139
0.103139
0.103139
0.103139
0.103139
0.103139
0.103139
0.103139
0.103139
0.103139
0.103139
0.103139
0.103139
0.103139
0.103139
0.103139
0.103139
0.103139
0.103139
0.103139
0.103139
0.103139
0.103139
0.103139
0.103139
0.103139
0.103139
0.103139
0.103139
0.103139
0.103139
0.103139
0.103139
0.103139
0.103139
0.103139
0.103139
0.103139
0.103139
0.103139
0.103139
0.103139
0.103139
0.103139
0.103139
0.103139
0.103139
0.103139
0.103139
0.103139
0.103139
0.103139
0.103139
0.103139
0.103139
0.103139
0.103139
0.103139
0.103139
0.103139
0.103139
0.103139
0.103139
0.103139
0.103139
0.103139
0.103139
0.103139
0.103139
0.103139
0.103139
0.103139
0.103139
0.103139
0.103139
0.103139
0.103139
0.103139
0.103139
0.103139
0.103139
0.103139
0.103139
0.103139
0.103139
0.103139
0.103139
0.103139
0.103139
0.103139
0.103139
0.103139
0.103139
0.103139
0.103139
0.103139
0.103139
0.103139
0.103139
0.103139
0.103139
0.103139
0.103139
0.103139
0.103139
0.103139
0.103139
0.103139
0.103139
0.103139
0.103139
0.103139
0.103139
0.103139
0.103139
0.103139
0.103139
0.103139
0.103139
0.103139
0.103139
0.103139
0.103139
0.103139
0.103139
0.103139
0.103139
0.103139
0.103139
0.103139
0.103139
0.103139
0.103139
0.103139
0.103139
0.103139
0.103139
0.103139
0.103139
0.103139
0.103139
0.103139
0.103139
0.103139
0.103139
0.103139
0.103139
0.103139
0.103139
0.103139
0.103139
0.103139
0.103139
0.103139
0.103139
0.103139
0.103139
0.103139
0.103139
0.103139
0.103139
0.103139
0.103139
0.103139
0.103139
0.103139
0.103139
0.103139
0.103139
0.103139
0.103139
0.103139
0.103139
0.103139
0.103139
0.103139
0.103139
0.103139
0.103139
0.103139
0.103139
0.103139
0.103139
0.103139
0.103139
0.103139
0.103139
0.103139
0.103139
0.103139
0.103139
0.103139
0.103139
0.103139
0.103139
0.103139
0.103139
0.103139
0.103139
0.103139
0.103139
0.103139
0.103139
0.103139
0.103139
0.103139
0.103139
0.103139
0.103139
0.103139
0.103139
0.103139
0.103139
0.103139
0.103139
0.103139
0.103139
0.103139
0.103139
0.103139
0.103139
0.103139
0.103139
0.103139
0.103139
0.103139
0.103139
0.103139
0.103139
0.103139
0.103139
0.103139
0.103139
0.103139
0.103139
0.103139
0.103139
0.103139
0.103139
0.103139
0.103139
0.103139
0.103139
0.103139
0.103139
0.103139
0.103139
0.103139
0.103139
0.103139
0.103139
0.103139
0.103139
0.103139
0.103139
0.103139
0.103139
0.103139
0.103139
0.103139
0.103139
0.103139
0.103139
0.103139
0.103139
0.103139
0.103139
0.103139
0.103139
0.103139
0.103139
0.103139
0.103139
0.103139
0.103139
0.103139
0.103139
0.103139
0.103139
0.103139
0.103139
0.103139
0.103139
0.103139
0.103139
0.103139
0.103139
0.103139
0.103139
0.103139
0.103139
0.103139
0.103139
0.103139
0.103139
0.103139
0.103139
0.103139
0.103139
0.103139
0.103139
0.103139
0.103139
0.103139
0.103139
0.103139
0.103139
0.103139
0.103139
0.103139
0.103139
0.103139
0.103139
0.103139
0.103139
0.103139
0.103139
0.103139
0.103139
0.103139
0.103139
0.103139
0.103139
0.103139
0.103139
0.103139
0.103139
0.103139
0.103139
0.103139
0.103139
0.103139
0.103139
0.103139
0.103139
0.103139
0.103139
0.103139
0.103139
0.103139
0.103139
0.103139
0.103139
0.103139
0.103139
0.103139
0.103139
0.103139
0.103139
0.103139
0.103139
0.103139
0.103139
0.103139
0.103139
0.103139
0.103139
0.103139
0.103139
0.103139
0.103139
0.103139
0.103139
)
;

boundaryField
{
    fixedWall
    {
        type            zeroGradient;
    }
    outlet
    {
        type            inletOutlet;
        inletValue      uniform 0;
        value           uniform 0.103139;
    }
    defaultFaces
    {
        type            empty;
    }
}


// ************************************************************************* //
