/*--------------------------------*- C++ -*----------------------------------*\
| =========                 |                                                 |
| \\      /  F ield         | OpenFOAM: The Open Source CFD Toolbox           |
|  \\    /   O peration     | Version:  2406                                  |
|   \\  /    A nd           | Website:  www.openfoam.com                      |
|    \\/     M anipulation  |                                                 |
\*---------------------------------------------------------------------------*/
FoamFile
{
    version     2.0;
    format      ascii;
    arch        "LSB;label=32;scalar=64";
    class       volScalarField;
    location    "0.6";
    object      T;
}
// * * * * * * * * * * * * * * * * * * * * * * * * * * * * * * * * * * * * * //

dimensions      [0 0 0 1 0 0 0];

internalField   nonuniform List<scalar> 
1000
(
365.783
465.519
541.816
603.767
655.626
699.792
737.778
770.622
799.079
823.729
845.036
863.384
879.099
892.465
903.735
913.135
920.87
927.128
932.081
935.888
938.695
940.638
941.838
942.405
942.463
942.094
941.381
940.402
939.224
937.904
936.495
935.039
933.571
932.122
930.715
929.367
928.093
926.9
925.795
924.78
923.854
923.016
922.263
921.589
920.99
920.459
919.99
919.579
919.218
918.902
918.627
918.386
918.177
917.995
917.837
917.7
917.581
917.478
917.389
917.312
917.246
917.188
917.138
917.094
917.055
917.02
916.988
916.957
916.927
916.898
916.869
916.841
916.813
916.786
916.762
916.74
916.722
916.707
916.69
916.667
916.627
916.558
916.444
916.267
916
915.589
914.885
913.452
909.962
900.226
868.818
708.305
553.099
447.322
380.714
341.467
319.336
307.173
300.584
297.043
295.15
294.141
293.604
293.318
293.167
293.086
293.044
293.021
293.009
293.003
292.999
292.998
292.997
292.996
292.996
292.996
292.996
292.996
292.996
292.996
292.996
292.996
292.996
292.996
292.996
292.996
292.996
292.996
292.996
292.996
292.996
292.996
292.996
292.996
292.996
292.996
292.996
292.996
292.996
292.996
292.996
292.996
292.996
292.996
292.996
292.996
292.996
292.996
292.996
292.996
292.996
292.996
292.996
292.996
292.996
292.996
292.996
292.996
292.996
292.996
292.996
292.996
292.996
292.996
292.996
292.996
292.996
292.996
292.996
292.996
292.996
292.996
292.996
292.996
292.996
292.996
292.996
292.996
292.996
292.996
292.996
292.996
292.996
292.996
292.996
292.996
292.996
292.996
292.996
292.996
292.996
292.996
292.996
292.996
292.996
292.996
292.996
292.996
292.996
292.996
292.996
292.996
292.996
292.996
292.996
292.996
292.996
292.996
292.996
292.996
292.996
292.996
292.996
292.996
292.996
292.996
292.996
292.996
292.996
292.996
292.996
292.996
292.996
292.996
292.996
292.996
292.996
292.996
292.996
292.996
292.996
292.996
292.996
292.996
292.996
292.996
292.996
292.996
292.996
292.996
292.996
292.996
292.996
292.996
292.996
292.996
292.996
292.996
292.996
292.996
292.996
292.996
292.996
292.996
292.996
292.996
292.996
292.996
292.996
292.996
292.996
292.996
292.996
292.996
292.996
292.996
292.996
292.996
292.996
292.996
292.996
292.996
292.996
292.996
292.996
292.996
292.996
292.996
292.996
292.996
292.996
292.996
292.996
292.996
292.996
292.996
292.996
292.996
292.996
292.996
292.996
292.996
292.996
292.996
292.996
292.996
292.996
292.996
292.996
292.996
292.996
292.996
292.996
292.996
292.996
292.996
292.996
292.996
292.996
292.996
292.996
292.996
292.996
292.996
292.996
292.996
292.996
292.996
292.996
292.996
292.996
292.996
292.996
292.996
292.996
292.996
292.996
292.996
292.996
292.996
292.996
292.996
292.996
292.996
292.996
292.996
292.996
292.996
292.996
292.996
292.996
292.996
292.996
292.996
292.996
292.996
292.996
292.996
292.996
292.996
292.996
292.996
292.996
292.996
292.996
292.996
292.996
292.996
292.996
292.996
292.996
292.996
292.996
292.996
292.996
292.996
292.996
292.996
292.996
292.996
292.996
292.996
292.996
292.996
292.996
292.996
292.996
292.996
292.996
292.996
292.996
292.996
292.996
292.996
292.996
292.996
292.996
292.996
292.996
292.996
292.996
292.996
292.996
292.996
292.996
292.996
292.996
292.996
292.996
292.996
292.996
292.996
292.996
292.996
292.997
292.997
292.997
292.997
292.997
292.997
292.997
292.997
292.997
292.997
292.997
292.997
292.997
292.997
292.997
292.997
292.997
292.997
292.997
292.997
292.997
292.997
292.997
292.997
292.997
292.997
292.997
292.997
292.997
292.997
292.997
292.997
292.997
292.997
292.997
292.997
292.997
292.997
292.997
292.997
292.997
292.997
292.997
292.997
292.997
292.997
292.997
292.997
292.997
292.997
292.997
292.997
292.997
292.997
292.997
292.997
292.997
292.997
292.997
292.997
292.997
292.997
292.997
292.997
292.997
292.997
292.997
292.997
292.997
292.997
292.997
292.997
292.997
292.997
292.997
292.997
292.997
292.997
292.997
292.997
292.997
292.997
292.997
292.997
292.997
292.997
292.997
292.997
292.997
292.997
292.997
292.997
292.997
292.997
292.997
292.997
292.997
292.997
292.997
292.997
292.997
292.997
292.997
292.997
292.997
292.997
292.997
292.997
292.997
292.997
292.997
292.997
292.997
292.997
292.997
292.997
292.997
292.997
292.997
292.997
292.997
292.997
292.997
292.997
292.997
292.997
292.997
292.997
292.997
292.997
292.997
292.997
292.997
292.997
292.997
292.997
292.997
292.997
292.997
292.997
292.997
292.997
292.997
292.997
292.997
292.997
292.997
292.997
292.997
292.997
292.997
292.997
292.997
292.997
292.997
292.997
292.997
292.997
292.997
292.997
292.997
292.997
292.997
292.997
292.997
292.997
292.997
292.997
292.997
292.997
292.997
292.997
292.997
292.997
292.997
292.997
292.997
292.997
292.997
292.997
292.997
292.997
292.997
292.997
292.997
292.997
292.997
292.997
292.997
292.997
292.997
292.997
292.997
292.997
292.997
292.997
292.997
292.997
292.997
292.997
292.997
292.997
292.997
292.997
292.997
292.997
292.997
292.997
292.997
292.997
292.997
292.997
292.997
292.997
292.997
292.997
292.997
292.998
292.998
292.998
292.998
292.998
292.998
292.998
292.998
292.998
292.998
292.998
292.998
292.998
292.998
292.998
292.998
292.998
292.998
292.998
292.998
292.998
292.998
292.998
292.998
292.998
292.998
292.998
292.998
292.998
292.998
292.998
292.998
292.998
292.998
292.998
292.998
292.998
292.998
292.998
292.998
292.998
292.998
292.998
292.998
292.998
292.998
292.998
292.998
292.998
292.998
292.998
292.998
292.998
292.998
292.998
292.998
292.998
292.998
292.998
292.998
292.998
292.998
292.998
292.998
292.998
292.998
292.998
292.998
292.998
292.998
292.998
292.998
292.998
292.998
292.998
292.998
292.998
292.998
292.998
292.998
292.998
292.998
292.998
292.998
292.998
292.998
292.998
292.998
292.998
292.998
292.998
292.998
292.998
292.998
292.998
292.998
292.998
292.998
292.998
292.998
292.998
292.998
292.998
292.998
292.998
292.998
292.998
292.998
292.998
292.998
292.998
292.998
292.998
292.998
292.998
292.998
292.998
292.998
292.998
292.998
292.998
292.998
292.998
292.998
292.998
292.998
292.998
292.998
292.998
292.998
292.998
292.998
292.998
292.998
292.998
292.998
292.998
292.998
292.998
292.998
292.998
292.998
292.998
292.998
292.998
292.998
292.998
292.998
292.998
292.998
292.998
292.998
292.998
292.998
292.998
292.998
292.998
292.998
292.998
292.998
292.998
292.998
292.998
292.998
292.998
292.998
292.998
292.998
292.998
292.998
292.998
292.998
292.998
292.998
292.998
292.998
292.998
292.998
292.998
292.999
292.999
292.999
292.999
292.999
292.999
292.999
292.999
292.999
292.999
292.999
292.999
292.999
292.999
292.999
292.999
292.999
292.999
292.999
292.999
292.999
292.999
292.999
292.999
292.999
292.999
292.999
292.999
292.999
292.999
292.999
292.999
292.999
292.999
292.999
292.999
292.999
292.999
292.999
292.999
292.999
292.999
292.999
292.999
292.999
292.999
292.999
292.999
292.999
292.999
292.999
292.999
292.999
292.999
292.999
292.999
292.999
292.999
292.999
292.999
292.999
292.999
292.999
292.999
292.999
292.999
292.999
292.999
292.999
292.999
292.999
292.999
292.999
292.999
292.999
292.999
292.999
292.999
292.999
292.999
292.999
292.999
292.999
292.999
292.999
292.999
292.999
292.999
292.999
292.999
292.999
292.999
292.999
292.999
292.999
292.999
292.999
292.999
292.999
292.999
292.999
292.999
292.999
292.999
292.999
292.999
292.999
292.999
292.999
292.999
292.999
292.999
292.999
292.999
292.999
292.999
292.999
292.999
292.999
292.999
292.999
292.999
292.999
292.999
292.999
292.999
292.999
292.999
292.999
292.999
292.999
292.999
292.999
292.999
292.999
292.999
292.999
292.999
292.999
292.999
292.999
292.999
292.999
292.999
292.999
292.999
292.999
292.999
292.999
292.999
292.999
292.999
292.999
292.999
293
293
293
293
293
293
293
293
293
293
293
293
293
293
293
293
293
293
293
293
293
293
293
293
293
293
293
293
293
293
293
293
293
293
293
293
293
293
293
293
293
293
293
293
293
293
)
;

boundaryField
{
    fixedWall
    {
        type            fixedValue;
        value           uniform 293;
    }
    outlet
    {
        type            inletOutlet;
        inletValue      uniform 293;
        value           uniform 293;
    }
    defaultFaces
    {
        type            empty;
    }
}


// ************************************************************************* //
