/*--------------------------------*- C++ -*----------------------------------*\
| =========                 |                                                 |
| \\      /  F ield         | OpenFOAM: The Open Source CFD Toolbox           |
|  \\    /   O peration     | Version:  2406                                  |
|   \\  /    A nd           | Website:  www.openfoam.com                      |
|    \\/     M anipulation  |                                                 |
\*---------------------------------------------------------------------------*/
FoamFile
{
    version     2.0;
    format      ascii;
    arch        "LSB;label=32;scalar=64";
    class       volScalarField;
    location    "0.1";
    object      CO2;
}
// * * * * * * * * * * * * * * * * * * * * * * * * * * * * * * * * * * * * * //

dimensions      [0 0 0 0 0 0 0];

internalField   nonuniform List<scalar> 
1000
(
0.0709267
0.0709267
0.0709267
0.0709266
0.0709266
0.0709266
0.0709265
0.0709264
0.0709263
0.0709262
0.070926
0.0709256
0.0709252
0.0709244
0.0709232
0.0709214
0.0709183
0.0709133
0.0709049
0.0708903
0.0708641
0.0708146
0.0707162
0.0705088
0.0700464
0.068965
0.0663146
0.0593229
0.03513
0.0151339
0.00587737
0.00214865
0.000755982
0.000258195
8.58741e-05
2.78576e-05
8.82534e-06
2.73377e-06
8.29058e-07
2.46465e-07
7.19148e-08
2.0621e-08
5.81866e-09
1.61899e-09
4.46035e-10
1.23387e-10
3.604e-11
1.26344e-11
6.35716e-12
4.67115e-12
4.20636e-12
4.10249e-12
4.06827e-12
4.05391e-12
4.05073e-12
4.04971e-12
4.04932e-12
4.04924e-12
4.04921e-12
4.0492e-12
4.0492e-12
4.04919e-12
4.04919e-12
4.04919e-12
4.04919e-12
4.04919e-12
4.04919e-12
4.04919e-12
4.04918e-12
4.04918e-12
4.04918e-12
4.04918e-12
4.04918e-12
4.04918e-12
4.04918e-12
4.04917e-12
4.04917e-12
4.04917e-12
4.04917e-12
4.04917e-12
4.04917e-12
4.04917e-12
4.04917e-12
4.04916e-12
4.04916e-12
4.04916e-12
4.04916e-12
4.04916e-12
4.04915e-12
4.04915e-12
4.04915e-12
4.04915e-12
4.04915e-12
4.04915e-12
4.04915e-12
4.04915e-12
4.04915e-12
4.04915e-12
4.04915e-12
4.04914e-12
4.04914e-12
4.04914e-12
4.04914e-12
4.04914e-12
4.04914e-12
4.04914e-12
4.04914e-12
4.04914e-12
4.04914e-12
4.04914e-12
4.04913e-12
4.04913e-12
4.04913e-12
4.04913e-12
4.04913e-12
4.04913e-12
4.04913e-12
4.04913e-12
4.04913e-12
4.04913e-12
4.04913e-12
4.04913e-12
4.04913e-12
4.04913e-12
4.04912e-12
4.04912e-12
4.04912e-12
4.04912e-12
4.04912e-12
4.04912e-12
4.04912e-12
4.04912e-12
4.04912e-12
4.04912e-12
4.04912e-12
4.04912e-12
4.04912e-12
4.04912e-12
4.04912e-12
4.04911e-12
4.04911e-12
4.04911e-12
4.04911e-12
4.04911e-12
4.04911e-12
4.04911e-12
4.04911e-12
4.04911e-12
4.04911e-12
4.04911e-12
4.04911e-12
4.04911e-12
4.04911e-12
4.04911e-12
4.04911e-12
4.0491e-12
4.0491e-12
4.0491e-12
4.0491e-12
4.0491e-12
4.0491e-12
4.0491e-12
4.0491e-12
4.0491e-12
4.0491e-12
4.0491e-12
4.0491e-12
4.0491e-12
4.0491e-12
4.04909e-12
4.04909e-12
4.04909e-12
4.04909e-12
4.04909e-12
4.04909e-12
4.04909e-12
4.04909e-12
4.04909e-12
4.04909e-12
4.04909e-12
4.04909e-12
4.04909e-12
4.04909e-12
4.04908e-12
4.04908e-12
4.04908e-12
4.04908e-12
4.04908e-12
4.04908e-12
4.04908e-12
4.04908e-12
4.04908e-12
4.04908e-12
4.04908e-12
4.04908e-12
4.04907e-12
4.04907e-12
4.04907e-12
4.04907e-12
4.04907e-12
4.04907e-12
4.04907e-12
4.04907e-12
4.04907e-12
4.04907e-12
4.04907e-12
4.04907e-12
4.04907e-12
4.04906e-12
4.04906e-12
4.04906e-12
4.04906e-12
4.04906e-12
4.04906e-12
4.04906e-12
4.04906e-12
4.04906e-12
4.04906e-12
4.04906e-12
4.04905e-12
4.04905e-12
4.04905e-12
4.04905e-12
4.04905e-12
4.04905e-12
4.04905e-12
4.04905e-12
4.04905e-12
4.04905e-12
4.04905e-12
4.04905e-12
4.04905e-12
4.04904e-12
4.04904e-12
4.04904e-12
4.04904e-12
4.04904e-12
4.04904e-12
4.04904e-12
4.04904e-12
4.04904e-12
4.04903e-12
4.04903e-12
4.04903e-12
4.04903e-12
4.04903e-12
4.04903e-12
4.04903e-12
4.04903e-12
4.04903e-12
4.04903e-12
4.04903e-12
4.04903e-12
4.04902e-12
4.04902e-12
4.04902e-12
4.04902e-12
4.04902e-12
4.04902e-12
4.04902e-12
4.04902e-12
4.04902e-12
4.04902e-12
4.04901e-12
4.04901e-12
4.04901e-12
4.04901e-12
4.04901e-12
4.04901e-12
4.04901e-12
4.04901e-12
4.04901e-12
4.04901e-12
4.04901e-12
4.049e-12
4.049e-12
4.049e-12
4.049e-12
4.049e-12
4.049e-12
4.049e-12
4.049e-12
4.049e-12
4.049e-12
4.049e-12
4.049e-12
4.04899e-12
4.04899e-12
4.04899e-12
4.04899e-12
4.04899e-12
4.04899e-12
4.04899e-12
4.04899e-12
4.04899e-12
4.04899e-12
4.04899e-12
4.04899e-12
4.04899e-12
4.04898e-12
4.04898e-12
4.04898e-12
4.04898e-12
4.04898e-12
4.04898e-12
4.04898e-12
4.04898e-12
4.04898e-12
4.04898e-12
4.04898e-12
4.04898e-12
4.04898e-12
4.04897e-12
4.04897e-12
4.04897e-12
4.04897e-12
4.04897e-12
4.04897e-12
4.04897e-12
4.04897e-12
4.04897e-12
4.04897e-12
4.04897e-12
4.04897e-12
4.04897e-12
4.04897e-12
4.04897e-12
4.04897e-12
4.04897e-12
4.04896e-12
4.04896e-12
4.04896e-12
4.04896e-12
4.04896e-12
4.04896e-12
4.04896e-12
4.04896e-12
4.04896e-12
4.04896e-12
4.04896e-12
4.04896e-12
4.04896e-12
4.04896e-12
4.04896e-12
4.04896e-12
4.04896e-12
4.04896e-12
4.04895e-12
4.04895e-12
4.04895e-12
4.04895e-12
4.04895e-12
4.04895e-12
4.04895e-12
4.04895e-12
4.04895e-12
4.04895e-12
4.04895e-12
4.04895e-12
4.04895e-12
4.04895e-12
4.04895e-12
4.04895e-12
4.04895e-12
4.04895e-12
4.04895e-12
4.04895e-12
4.04895e-12
4.04895e-12
4.04895e-12
4.04895e-12
4.04895e-12
4.04895e-12
4.04895e-12
4.04895e-12
4.04894e-12
4.04894e-12
4.04894e-12
4.04894e-12
4.04894e-12
4.04894e-12
4.04894e-12
4.04894e-12
4.04894e-12
4.04894e-12
4.04894e-12
4.04894e-12
4.04894e-12
4.04894e-12
4.04894e-12
4.04894e-12
4.04894e-12
4.04894e-12
4.04894e-12
4.04894e-12
4.04894e-12
4.04894e-12
4.04894e-12
4.04894e-12
4.04894e-12
4.04894e-12
4.04894e-12
4.04894e-12
4.04894e-12
4.04894e-12
4.04894e-12
4.04894e-12
4.04894e-12
4.04894e-12
4.04894e-12
4.04894e-12
4.04894e-12
4.04894e-12
4.04894e-12
4.04894e-12
4.04894e-12
4.04894e-12
4.04894e-12
4.04894e-12
4.04894e-12
4.04894e-12
4.04894e-12
4.04894e-12
4.04894e-12
4.04894e-12
4.04894e-12
4.04894e-12
4.04894e-12
4.04894e-12
4.04894e-12
4.04894e-12
4.04894e-12
4.04894e-12
4.04894e-12
4.04894e-12
4.04894e-12
4.04894e-12
4.04894e-12
4.04894e-12
4.04894e-12
4.04894e-12
4.04894e-12
4.04894e-12
4.04894e-12
4.04894e-12
4.04894e-12
4.04894e-12
4.04894e-12
4.04894e-12
4.04894e-12
4.04894e-12
4.04894e-12
4.04894e-12
4.04894e-12
4.04894e-12
4.04894e-12
4.04894e-12
4.04894e-12
4.04894e-12
4.04894e-12
4.04894e-12
4.04894e-12
4.04894e-12
4.04894e-12
4.04894e-12
4.04894e-12
4.04894e-12
4.04894e-12
4.04894e-12
4.04894e-12
4.04894e-12
4.04894e-12
4.04894e-12
4.04894e-12
4.04894e-12
4.04894e-12
4.04894e-12
4.04894e-12
4.04894e-12
4.04894e-12
4.04894e-12
4.04894e-12
4.04894e-12
4.04894e-12
4.04894e-12
4.04894e-12
4.04894e-12
4.04894e-12
4.04894e-12
4.04895e-12
4.04895e-12
4.04895e-12
4.04895e-12
4.04895e-12
4.04895e-12
4.04895e-12
4.04895e-12
4.04895e-12
4.04895e-12
4.04895e-12
4.04895e-12
4.04895e-12
4.04895e-12
4.04895e-12
4.04895e-12
4.04895e-12
4.04895e-12
4.04895e-12
4.04895e-12
4.04895e-12
4.04895e-12
4.04895e-12
4.04895e-12
4.04895e-12
4.04895e-12
4.04895e-12
4.04895e-12
4.04895e-12
4.04895e-12
4.04895e-12
4.04895e-12
4.04895e-12
4.04895e-12
4.04895e-12
4.04895e-12
4.04895e-12
4.04896e-12
4.04896e-12
4.04896e-12
4.04896e-12
4.04896e-12
4.04896e-12
4.04896e-12
4.04896e-12
4.04896e-12
4.04896e-12
4.04896e-12
4.04896e-12
4.04896e-12
4.04896e-12
4.04896e-12
4.04896e-12
4.04896e-12
4.04896e-12
4.04896e-12
4.04896e-12
4.04896e-12
4.04896e-12
4.04896e-12
4.04896e-12
4.04896e-12
4.04896e-12
4.04897e-12
4.04897e-12
4.04897e-12
4.04897e-12
4.04897e-12
4.04897e-12
4.04897e-12
4.04897e-12
4.04897e-12
4.04897e-12
4.04897e-12
4.04897e-12
4.04897e-12
4.04897e-12
4.04897e-12
4.04897e-12
4.04897e-12
4.04897e-12
4.04897e-12
4.04897e-12
4.04897e-12
4.04897e-12
4.04897e-12
4.04898e-12
4.04898e-12
4.04898e-12
4.04898e-12
4.04898e-12
4.04898e-12
4.04898e-12
4.04898e-12
4.04898e-12
4.04898e-12
4.04898e-12
4.04898e-12
4.04898e-12
4.04898e-12
4.04898e-12
4.04898e-12
4.04898e-12
4.04898e-12
4.04898e-12
4.04898e-12
4.04898e-12
4.04899e-12
4.04899e-12
4.04899e-12
4.04899e-12
4.04899e-12
4.04899e-12
4.04899e-12
4.04899e-12
4.04899e-12
4.04899e-12
4.04899e-12
4.04899e-12
4.04899e-12
4.04899e-12
4.04899e-12
4.04899e-12
4.04899e-12
4.04899e-12
4.04899e-12
4.049e-12
4.049e-12
4.049e-12
4.049e-12
4.049e-12
4.049e-12
4.049e-12
4.049e-12
4.049e-12
4.049e-12
4.049e-12
4.049e-12
4.049e-12
4.049e-12
4.049e-12
4.049e-12
4.04901e-12
4.04901e-12
4.04901e-12
4.04901e-12
4.04901e-12
4.04901e-12
4.04901e-12
4.04901e-12
4.04901e-12
4.04901e-12
4.04901e-12
4.04901e-12
4.04901e-12
4.04901e-12
4.04901e-12
4.04901e-12
4.04902e-12
4.04902e-12
4.04902e-12
4.04902e-12
4.04902e-12
4.04902e-12
4.04902e-12
4.04902e-12
4.04902e-12
4.04902e-12
4.04902e-12
4.04902e-12
4.04902e-12
4.04902e-12
4.04903e-12
4.04903e-12
4.04903e-12
4.04903e-12
4.04903e-12
4.04903e-12
4.04903e-12
4.04903e-12
4.04903e-12
4.04903e-12
4.04903e-12
4.04903e-12
4.04903e-12
4.04904e-12
4.04904e-12
4.04904e-12
4.04904e-12
4.04904e-12
4.04904e-12
4.04904e-12
4.04904e-12
4.04904e-12
4.04904e-12
4.04904e-12
4.04904e-12
4.04904e-12
4.04905e-12
4.04905e-12
4.04905e-12
4.04905e-12
4.04905e-12
4.04905e-12
4.04905e-12
4.04905e-12
4.04905e-12
4.04905e-12
4.04905e-12
4.04905e-12
4.04905e-12
4.04906e-12
4.04906e-12
4.04906e-12
4.04906e-12
4.04906e-12
4.04906e-12
4.04906e-12
4.04906e-12
4.04906e-12
4.04906e-12
4.04906e-12
4.04907e-12
4.04907e-12
4.04907e-12
4.04907e-12
4.04907e-12
4.04907e-12
4.04907e-12
4.04907e-12
4.04907e-12
4.04907e-12
4.04908e-12
4.04908e-12
4.04908e-12
4.04908e-12
4.04908e-12
4.04908e-12
4.04908e-12
4.04908e-12
4.04908e-12
4.04908e-12
4.04908e-12
4.04909e-12
4.04909e-12
4.04909e-12
4.04909e-12
4.04909e-12
4.04909e-12
4.04909e-12
4.04909e-12
4.04909e-12
4.0491e-12
4.0491e-12
4.0491e-12
4.0491e-12
4.0491e-12
4.0491e-12
4.0491e-12
4.0491e-12
4.0491e-12
4.0491e-12
4.04911e-12
4.04911e-12
4.04911e-12
4.04911e-12
4.04911e-12
4.04911e-12
4.04911e-12
4.04911e-12
4.04911e-12
4.04912e-12
4.04912e-12
4.04912e-12
4.04912e-12
4.04912e-12
4.04912e-12
4.04912e-12
4.04912e-12
4.04913e-12
4.04913e-12
4.04913e-12
4.04913e-12
4.04913e-12
4.04913e-12
4.04913e-12
4.04913e-12
4.04913e-12
4.04913e-12
4.04914e-12
4.04914e-12
4.04914e-12
4.04914e-12
4.04914e-12
4.04914e-12
4.04914e-12
4.04914e-12
4.04915e-12
4.04915e-12
4.04915e-12
4.04915e-12
4.04915e-12
4.04915e-12
4.04915e-12
4.04915e-12
4.04916e-12
4.04916e-12
4.04916e-12
4.04916e-12
4.04916e-12
4.04916e-12
4.04916e-12
4.04917e-12
4.04917e-12
4.04917e-12
4.04917e-12
4.04917e-12
4.04917e-12
4.04917e-12
4.04917e-12
4.04918e-12
4.04918e-12
4.04918e-12
4.04918e-12
4.04918e-12
4.04918e-12
4.04918e-12
4.04918e-12
4.04918e-12
4.04919e-12
4.04919e-12
4.04919e-12
4.04919e-12
4.04919e-12
4.04919e-12
4.0492e-12
4.0492e-12
4.0492e-12
4.0492e-12
4.0492e-12
4.0492e-12
4.0492e-12
4.04921e-12
4.04921e-12
4.04921e-12
4.04921e-12
4.04921e-12
4.04921e-12
4.04921e-12
4.04922e-12
4.04922e-12
4.04922e-12
4.04922e-12
4.04922e-12
4.04922e-12
4.04922e-12
4.04923e-12
4.04923e-12
4.04923e-12
4.04923e-12
4.04923e-12
4.04923e-12
4.04923e-12
4.04924e-12
4.04924e-12
4.04924e-12
4.04924e-12
4.04924e-12
4.04924e-12
4.04924e-12
4.04925e-12
4.04925e-12
4.04925e-12
4.04925e-12
4.04925e-12
4.04925e-12
4.04925e-12
4.04926e-12
4.04926e-12
4.04926e-12
4.04926e-12
4.04926e-12
4.04926e-12
4.04927e-12
4.04927e-12
4.04927e-12
4.04927e-12
4.04927e-12
4.04927e-12
4.04927e-12
4.04928e-12
4.04928e-12
4.04928e-12
4.04928e-12
4.04928e-12
4.04928e-12
4.04929e-12
4.04929e-12
4.04929e-12
4.04929e-12
4.04929e-12
4.04929e-12
4.0493e-12
4.0493e-12
4.0493e-12
4.0493e-12
4.0493e-12
4.0493e-12
4.0493e-12
4.04931e-12
4.04931e-12
4.04931e-12
4.04931e-12
4.04931e-12
4.04931e-12
4.04932e-12
4.04932e-12
4.04932e-12
4.04932e-12
4.04932e-12
4.04932e-12
4.04933e-12
4.04933e-12
4.04933e-12
4.04933e-12
4.04933e-12
4.04933e-12
4.04933e-12
4.04934e-12
4.04934e-12
4.04934e-12
4.04934e-12
4.04934e-12
4.04934e-12
4.04935e-12
4.04935e-12
4.04935e-12
4.04935e-12
4.04935e-12
4.04935e-12
4.04936e-12
4.04936e-12
4.04936e-12
4.04936e-12
4.04936e-12
4.04936e-12
4.04937e-12
4.04937e-12
4.04937e-12
4.04937e-12
4.04937e-12
4.04938e-12
4.04938e-12
4.04938e-12
4.04938e-12
4.04938e-12
4.04938e-12
4.04938e-12
4.04939e-12
4.04939e-12
4.04939e-12
4.04939e-12
4.04939e-12
4.04939e-12
4.0494e-12
4.0494e-12
4.0494e-12
4.0494e-12
4.0494e-12
4.0494e-12
4.04941e-12
4.04941e-12
4.04941e-12
4.04941e-12
4.04941e-12
4.04941e-12
4.04942e-12
4.04942e-12
4.04942e-12
4.04942e-12
4.04942e-12
4.04942e-12
4.04942e-12
4.04943e-12
4.04943e-12
4.04943e-12
4.04943e-12
4.04943e-12
4.04944e-12
4.04944e-12
4.04944e-12
4.04944e-12
4.04944e-12
4.04944e-12
4.04945e-12
4.04945e-12
4.04945e-12
4.04945e-12
4.04945e-12
4.04945e-12
4.04945e-12
4.04946e-12
4.04945e-12
4.04943e-12
4.04932e-12
4.04881e-12
4.04672e-12
4.03914e-12
4.01517e-12
3.95013e-12
3.79635e-12
)
;

boundaryField
{
    fixedWall
    {
        type            zeroGradient;
    }
    outlet
    {
        type            inletOutlet;
        inletValue      uniform 0;
        value           uniform 3.79635e-12;
    }
    defaultFaces
    {
        type            empty;
    }
}


// ************************************************************************* //
