/*--------------------------------*- C++ -*----------------------------------*\
| =========                 |                                                 |
| \\      /  F ield         | OpenFOAM: The Open Source CFD Toolbox           |
|  \\    /   O peration     | Version:  2406                                  |
|   \\  /    A nd           | Website:  www.openfoam.com                      |
|    \\/     M anipulation  |                                                 |
\*---------------------------------------------------------------------------*/
FoamFile
{
    version     2.0;
    format      ascii;
    arch        "LSB;label=32;scalar=64";
    class       volScalarField;
    location    "0.1";
    object      T;
}
// * * * * * * * * * * * * * * * * * * * * * * * * * * * * * * * * * * * * * //

dimensions      [0 0 0 1 0 0 0];

internalField   nonuniform List<scalar> 
1000
(
628.491
867.205
1025.75
1140.88
1225.84
1287.25
1329.31
1354.84
1366.09
1365.97
1355.66
1336.81
1310.99
1279.75
1244.59
1207
1168.43
1130.23
1093.64
1059.73
1029.29
1002.79
980.272
961.289
944.602
927.395
903.004
853.116
694.755
520.279
404.996
342.895
313.87
301.372
296.252
294.228
293.452
293.163
293.057
293.02
293.007
293.002
293.001
293
293
293
293
293
293
293
293
293
293
293
293
293
293
293
293
293
293
293
293
293
293
293
293
293
293
293
293
293
293
293
293
293
293
293
293
293
293
293
293
293
293
293
293
293
293
293
293
293
293
293
293
293
293
293
293
293
293
293
293
293
293
293
293
293
293
293
293
293
293
293
293
293
293
293
293
293
293
293
293
293
293
293
293
293
293
293
293
293
293
293
293
293
293
293
293
293
293
293
293
293
293
293
293
293
293
293
293
293
293
293
293
293
293
293
293
293
293
293
293
293
293
293
293
293
293
293
293
293
293
293
293
293
293
293
293
293
293
293
293
293
293
293
293
293
293
293
293
293
293
293
293
293
293
293
293
293
293
293
293
293
293
293
293
293
293
293
293
293
293
293
293
293
293
293
293
293
293
293
293
293
293
293
293
293
293
293
293
293
293
293
293
293
293
293
293
293
293
293
293
293
293
293
293
293
293
293
293
293
293
293
293
293
293
293
293
293
293
293
293
293
293
293
293
293
293
293
293
293
293
293
293
293
293
293
293
293
293
293
293
293
293
293
293
293
293
293
293
293
293
293
293
293
293
293
293
293
293
293
293
293
293
293
293
293
293
293
293
293
293
293
293
293
293
293
293
293
293
293
293
293
293
293
293
293
293
292.999
292.999
292.999
292.999
292.999
292.999
292.999
292.999
292.999
292.999
292.999
292.999
292.999
292.999
292.999
292.999
292.999
292.999
292.999
292.999
292.999
292.999
292.999
292.999
292.999
292.999
292.999
292.999
292.999
292.999
292.999
292.999
292.999
292.999
292.999
292.999
292.999
292.999
292.999
292.999
292.999
292.999
292.999
292.999
292.999
292.999
292.999
292.999
292.999
292.999
292.999
292.999
292.999
292.999
292.999
292.999
292.999
292.999
292.999
292.999
292.999
292.999
292.999
292.999
292.999
292.999
292.999
292.999
292.999
292.999
292.999
292.999
292.999
292.999
292.999
292.999
292.999
292.999
292.999
292.999
292.999
292.999
292.999
292.999
292.999
292.999
292.999
292.999
292.999
292.999
292.999
292.999
292.999
292.999
292.999
292.999
292.999
292.999
292.999
292.999
292.999
292.999
292.999
292.999
292.999
292.999
292.999
292.999
292.999
292.999
292.999
292.999
292.999
292.999
292.999
292.999
292.999
292.999
292.999
292.999
292.999
292.999
292.999
292.999
292.999
292.999
292.999
292.999
292.999
292.999
292.999
292.999
292.999
292.999
292.999
292.999
292.999
292.999
292.999
292.999
292.999
292.999
292.999
292.999
292.999
292.999
292.999
292.999
292.999
292.999
292.999
292.999
292.999
292.999
292.999
292.999
292.999
292.999
292.999
292.999
292.999
292.999
292.999
292.999
292.999
292.999
292.999
292.999
292.999
292.999
292.999
292.999
292.999
292.999
292.999
292.999
292.999
292.999
292.999
292.999
292.999
292.999
292.999
292.999
292.999
292.999
292.999
292.999
292.999
292.999
292.999
292.999
292.999
292.999
292.999
292.999
292.999
292.999
292.999
292.999
292.999
292.999
292.999
292.999
292.999
292.999
292.999
292.999
292.999
292.999
292.999
292.999
292.999
292.999
292.999
292.999
292.999
292.999
292.999
292.999
292.999
292.999
292.999
292.999
292.999
292.999
292.999
292.999
292.999
292.999
292.999
292.999
292.999
292.999
292.999
292.999
292.999
292.999
292.999
292.999
292.999
292.999
292.999
292.999
292.999
292.999
292.999
292.999
292.999
292.999
292.999
292.999
292.999
292.999
292.999
292.999
292.999
292.999
292.999
292.999
292.999
292.999
292.999
292.999
292.999
292.999
292.999
292.999
292.999
292.999
292.999
292.999
292.999
292.999
292.999
292.999
292.999
292.999
292.999
292.999
292.999
292.999
292.999
292.999
292.999
292.999
292.999
292.999
292.999
292.999
292.999
292.999
292.999
292.999
292.999
292.999
292.999
292.999
292.999
292.999
292.999
292.999
292.999
292.999
292.999
292.999
292.999
292.999
292.999
292.999
292.999
292.999
292.999
292.999
292.999
292.999
292.999
292.999
292.999
292.999
292.999
292.999
292.999
292.999
292.999
292.999
292.999
292.999
292.999
292.999
292.999
292.999
292.999
292.999
292.999
292.999
292.999
292.999
292.999
292.999
292.999
292.999
292.999
292.999
292.999
292.999
292.999
292.999
292.999
292.999
292.999
292.999
292.999
292.999
292.999
292.999
292.999
292.999
292.999
292.999
292.999
292.999
292.999
292.999
292.999
292.999
292.999
292.999
292.999
292.999
292.999
292.999
292.999
292.999
292.999
292.999
292.999
292.999
292.999
292.999
292.999
292.999
292.999
292.999
292.999
293
293
293
293
293
293
293
293
293
293
293
293
293
293
293
293
293
293
293
293
293
293
293
293
293
293
293
293
293
293
293
293
293
293
293
293
293
293
293
293
293
293
293
293
293
293
293
293
293
293
293
293
293
293
293
293
293
293
293
293
293
293
293
293
293
293
293
293
293
293
293
293
293
293
293
293
293
293
293
293
293
293
293
293
293
293
293
293
293
293
293
293
293
293
293
293
293
293
293
293
293
293
293
293
293
293
293
293
293
293
293
293
293
293
293
293
293
293
293
293
293
293
293
293
293
293
293
293
293
293
293
293
293
293
293
293
293
293
293
293
293
293
293
293
293
293
293
293
293
293
293
293
293
293
293
293
293
293
293
293
293
293
293
293
293
293
293
293
293
293
293
293
293
293
293
293
293
293
293
293
293
293
293
293
293
293
293
293
293
293
293
293
293
293
293
293
293
293
293
293
293
293
293
293
293
293
293
293
293
293
293
293
293
293
293
293
293
293
293
293
293
293
293
293
293
293
293
293
293
293
293
293
293
293
293
293
293
293
293
293
293
293
293
293
293
293
293
293
293
293
293
293
293
293
293
293
293
293
293
293
293
293
293
293
293
293
293
293
293
293
293
293
293
293
293
293
293
293
293
293
293.001
293.002
293.005
293.01
293.015
293.011
)
;

boundaryField
{
    fixedWall
    {
        type            fixedValue;
        value           uniform 293;
    }
    outlet
    {
        type            inletOutlet;
        inletValue      uniform 293;
        value           uniform 293.011;
    }
    defaultFaces
    {
        type            empty;
    }
}


// ************************************************************************* //
