/*--------------------------------*- C++ -*----------------------------------*\
| =========                 |                                                 |
| \\      /  F ield         | OpenFOAM: The Open Source CFD Toolbox           |
|  \\    /   O peration     | Version:  2406                                  |
|   \\  /    A nd           | Website:  www.openfoam.com                      |
|    \\/     M anipulation  |                                                 |
\*---------------------------------------------------------------------------*/
FoamFile
{
    version     2.0;
    format      ascii;
    arch        "LSB;label=32;scalar=64";
    class       volScalarField;
    location    "7.9";
    object      N2;
}
// * * * * * * * * * * * * * * * * * * * * * * * * * * * * * * * * * * * * * //

dimensions      [0 0 0 0 0 0 0];

internalField   nonuniform List<scalar> 
1000
(
0.44843
0.44843
0.44843
0.44843
0.44843
0.44843
0.44843
0.44843
0.44843
0.44843
0.44843
0.44843
0.44843
0.44843
0.44843
0.44843
0.44843
0.44843
0.44843
0.44843
0.44843
0.44843
0.44843
0.44843
0.44843
0.44843
0.44843
0.44843
0.44843
0.44843
0.44843
0.44843
0.44843
0.44843
0.44843
0.44843
0.44843
0.44843
0.44843
0.44843
0.44843
0.44843
0.44843
0.44843
0.44843
0.44843
0.44843
0.44843
0.44843
0.44843
0.44843
0.44843
0.44843
0.44843
0.44843
0.44843
0.44843
0.44843
0.44843
0.44843
0.44843
0.44843
0.44843
0.44843
0.44843
0.44843
0.44843
0.44843
0.44843
0.44843
0.44843
0.44843
0.44843
0.44843
0.44843
0.44843
0.44843
0.44843
0.44843
0.44843
0.44843
0.44843
0.44843
0.44843
0.44843
0.44843
0.44843
0.44843
0.44843
0.44843
0.44843
0.44843
0.44843
0.44843
0.44843
0.44843
0.44843
0.44843
0.44843
0.44843
0.44843
0.44843
0.44843
0.44843
0.44843
0.44843
0.44843
0.44843
0.44843
0.44843
0.44843
0.44843
0.44843
0.44843
0.44843
0.44843
0.44843
0.44843
0.44843
0.44843
0.44843
0.44843
0.44843
0.44843
0.44843
0.44843
0.44843
0.44843
0.44843
0.44843
0.44843
0.44843
0.44843
0.44843
0.44843
0.44843
0.44843
0.44843
0.44843
0.44843
0.44843
0.44843
0.44843
0.44843
0.44843
0.44843
0.44843
0.44843
0.44843
0.44843
0.44843
0.44843
0.44843
0.44843
0.44843
0.44843
0.44843
0.44843
0.44843
0.44843
0.44843
0.44843
0.44843
0.44843
0.44843
0.44843
0.44843
0.44843
0.44843
0.44843
0.44843
0.44843
0.44843
0.44843
0.44843
0.44843
0.44843
0.44843
0.44843
0.44843
0.44843
0.44843
0.44843
0.44843
0.44843
0.44843
0.44843
0.44843
0.44843
0.44843
0.44843
0.44843
0.44843
0.44843
0.44843
0.44843
0.44843
0.44843
0.44843
0.44843
0.44843
0.44843
0.44843
0.44843
0.44843
0.44843
0.44843
0.44843
0.44843
0.44843
0.44843
0.44843
0.44843
0.44843
0.44843
0.44843
0.44843
0.44843
0.44843
0.44843
0.44843
0.44843
0.44843
0.44843
0.44843
0.44843
0.44843
0.44843
0.44843
0.44843
0.44843
0.44843
0.44843
0.44843
0.44843
0.44843
0.44843
0.44843
0.44843
0.44843
0.44843
0.44843
0.44843
0.44843
0.44843
0.44843
0.44843
0.44843
0.44843
0.44843
0.44843
0.44843
0.44843
0.44843
0.44843
0.44843
0.44843
0.44843
0.44843
0.44843
0.44843
0.44843
0.44843
0.44843
0.44843
0.44843
0.44843
0.44843
0.44843
0.44843
0.44843
0.44843
0.44843
0.44843
0.44843
0.44843
0.44843
0.44843
0.44843
0.44843
0.44843
0.44843
0.44843
0.44843
0.44843
0.44843
0.44843
0.44843
0.44843
0.44843
0.44843
0.44843
0.44843
0.44843
0.44843
0.44843
0.44843
0.44843
0.44843
0.44843
0.44843
0.44843
0.44843
0.44843
0.44843
0.44843
0.44843
0.44843
0.44843
0.44843
0.44843
0.44843
0.44843
0.44843
0.44843
0.44843
0.44843
0.44843
0.44843
0.44843
0.44843
0.44843
0.44843
0.44843
0.44843
0.44843
0.44843
0.44843
0.44843
0.44843
0.44843
0.44843
0.44843
0.44843
0.44843
0.44843
0.44843
0.44843
0.44843
0.44843
0.44843
0.44843
0.44843
0.44843
0.44843
0.44843
0.44843
0.44843
0.44843
0.44843
0.44843
0.44843
0.44843
0.44843
0.44843
0.44843
0.44843
0.44843
0.44843
0.44843
0.44843
0.44843
0.44843
0.44843
0.44843
0.44843
0.44843
0.44843
0.44843
0.44843
0.44843
0.44843
0.44843
0.44843
0.44843
0.44843
0.44843
0.44843
0.44843
0.44843
0.44843
0.44843
0.44843
0.44843
0.44843
0.44843
0.44843
0.44843
0.44843
0.44843
0.44843
0.44843
0.44843
0.44843
0.44843
0.44843
0.44843
0.44843
0.44843
0.44843
0.44843
0.44843
0.44843
0.44843
0.44843
0.44843
0.44843
0.44843
0.44843
0.44843
0.44843
0.44843
0.44843
0.44843
0.44843
0.44843
0.44843
0.44843
0.44843
0.44843
0.44843
0.44843
0.44843
0.44843
0.44843
0.44843
0.44843
0.44843
0.44843
0.44843
0.44843
0.44843
0.44843
0.44843
0.44843
0.44843
0.44843
0.44843
0.44843
0.44843
0.44843
0.44843
0.44843
0.44843
0.44843
0.44843
0.44843
0.44843
0.44843
0.44843
0.44843
0.44843
0.44843
0.44843
0.44843
0.44843
0.44843
0.44843
0.44843
0.44843
0.44843
0.44843
0.44843
0.44843
0.44843
0.44843
0.44843
0.44843
0.44843
0.44843
0.44843
0.44843
0.44843
0.44843
0.44843
0.44843
0.44843
0.44843
0.44843
0.44843
0.44843
0.44843
0.44843
0.44843
0.44843
0.44843
0.44843
0.44843
0.44843
0.44843
0.44843
0.44843
0.44843
0.44843
0.44843
0.44843
0.44843
0.44843
0.44843
0.44843
0.44843
0.44843
0.44843
0.44843
0.44843
0.44843
0.44843
0.44843
0.44843
0.44843
0.44843
0.44843
0.44843
0.44843
0.44843
0.44843
0.44843
0.44843
0.44843
0.44843
0.44843
0.44843
0.44843
0.44843
0.44843
0.44843
0.44843
0.44843
0.44843
0.44843
0.44843
0.44843
0.44843
0.44843
0.44843
0.44843
0.44843
0.44843
0.44843
0.44843
0.44843
0.44843
0.44843
0.44843
0.44843
0.44843
0.44843
0.44843
0.44843
0.44843
0.44843
0.44843
0.44843
0.44843
0.44843
0.44843
0.44843
0.44843
0.44843
0.44843
0.44843
0.44843
0.44843
0.44843
0.44843
0.44843
0.44843
0.44843
0.44843
0.44843
0.44843
0.44843
0.44843
0.44843
0.44843
0.44843
0.44843
0.44843
0.44843
0.44843
0.44843
0.44843
0.44843
0.44843
0.44843
0.44843
0.44843
0.44843
0.44843
0.44843
0.44843
0.44843
0.44843
0.44843
0.44843
0.44843
0.44843
0.44843
0.44843
0.44843
0.44843
0.44843
0.44843
0.44843
0.44843
0.44843
0.44843
0.44843
0.44843
0.44843
0.44843
0.44843
0.44843
0.44843
0.44843
0.44843
0.44843
0.44843
0.44843
0.44843
0.44843
0.44843
0.44843
0.44843
0.44843
0.44843
0.44843
0.44843
0.44843
0.44843
0.44843
0.44843
0.44843
0.44843
0.44843
0.44843
0.44843
0.44843
0.44843
0.44843
0.44843
0.44843
0.44843
0.44843
0.44843
0.44843
0.44843
0.44843
0.44843
0.44843
0.44843
0.44843
0.44843
0.44843
0.44843
0.44843
0.44843
0.44843
0.44843
0.44843
0.44843
0.44843
0.44843
0.44843
0.44843
0.44843
0.44843
0.44843
0.44843
0.44843
0.44843
0.44843
0.44843
0.44843
0.44843
0.44843
0.44843
0.44843
0.44843
0.44843
0.44843
0.44843
0.44843
0.44843
0.44843
0.44843
0.44843
0.44843
0.44843
0.44843
0.44843
0.44843
0.44843
0.44843
0.44843
0.44843
0.44843
0.44843
0.44843
0.44843
0.44843
0.44843
0.44843
0.44843
0.44843
0.44843
0.44843
0.44843
0.44843
0.44843
0.44843
0.44843
0.44843
0.44843
0.44843
0.44843
0.44843
0.44843
0.44843
0.44843
0.44843
0.44843
0.44843
0.44843
0.44843
0.44843
0.44843
0.44843
0.44843
0.44843
0.44843
0.44843
0.44843
0.44843
0.44843
0.44843
0.44843
0.44843
0.44843
0.44843
0.44843
0.44843
0.44843
0.44843
0.44843
0.44843
0.44843
0.44843
0.44843
0.44843
0.44843
0.44843
0.44843
0.44843
0.44843
0.44843
0.44843
0.44843
0.44843
0.44843
0.44843
0.44843
0.44843
0.44843
0.44843
0.44843
0.44843
0.44843
0.44843
0.44843
0.44843
0.44843
0.44843
0.44843
0.44843
0.44843
0.44843
0.44843
0.44843
0.44843
0.44843
0.44843
0.44843
0.44843
0.44843
0.44843
0.44843
0.44843
0.44843
0.44843
0.44843
0.44843
0.44843
0.44843
0.44843
0.44843
0.44843
0.44843
0.44843
0.44843
0.44843
0.44843
0.44843
0.44843
0.44843
0.44843
0.44843
0.44843
0.44843
0.44843
0.44843
0.44843
0.44843
0.44843
0.44843
0.44843
0.44843
0.44843
0.44843
0.44843
0.44843
0.44843
0.44843
0.44843
0.44843
0.44843
0.44843
0.44843
0.44843
0.44843
0.44843
0.44843
0.44843
0.44843
0.44843
0.44843
0.44843
0.44843
0.44843
0.44843
0.44843
0.44843
0.44843
0.44843
0.44843
0.44843
0.44843
0.44843
0.44843
0.44843
0.44843
0.44843
0.44843
0.44843
0.44843
0.44843
0.44843
0.44843
0.44843
0.44843
0.44843
0.44843
0.44843
0.44843
0.44843
0.44843
0.44843
0.44843
0.44843
0.44843
0.44843
0.44843
0.44843
0.44843
0.44843
0.44843
0.448431
0.448431
0.448431
0.448431
0.448431
0.448431
0.448431
0.448432
0.448432
0.448432
0.448433
0.448433
0.448434
0.448434
0.448435
0.448436
0.448437
0.448439
0.44844
0.448442
0.448444
0.448447
0.44845
0.448453
0.448457
0.448462
0.448468
0.448474
0.448482
0.448491
0.448501
0.448513
0.448527
0.448543
0.448562
0.448584
0.448609
0.448637
0.448671
0.448709
0.448752
0.448803
0.44886
0.448926
0.449001
0.449087
0.449185
0.449296
0.449422
0.449565
0.449728
0.449911
0.450119
0.450353
0.450617
0.450914
0.451247
0.451621
0.45204
0.452508
0.453031
0.453614
0.454264
0.454986
0.455788
0.456676
0.45766
0.458746
0.459945
0.461266
0.462719
0.464315
0.466065
0.46798
0.470074
0.47236
0.474849
0.477558
0.4805
0.483689
0.487142
0.490873
0.494899
0.499236
0.503899
0.508905
0.514269
0.520007
0.526136
0.532669
0.539621
0.547005
0.554835
0.563122
0.571877
0.581108
0.590824
0.601029
0.611729
0.622925
0.634617
0.646804
0.659481
0.672642
0.686011
0.699766
0.71429
0.729222
0.744541
0.760223
0.77624
0.792558
0.809141
0.825949
0.842936
0.860052
0.877242
0.894442
0.911582
0.928581
0.945342
0.961748
0.977653
0.992869
)
;

boundaryField
{
    fixedWall
    {
        type            zeroGradient;
    }
    outlet
    {
        type            inletOutlet;
        inletValue      uniform 0;
        value           uniform 1;
    }
    defaultFaces
    {
        type            empty;
    }
}


// ************************************************************************* //
