/*--------------------------------*- C++ -*----------------------------------*\
| =========                 |                                                 |
| \\      /  F ield         | OpenFOAM: The Open Source CFD Toolbox           |
|  \\    /   O peration     | Version:  2406                                  |
|   \\  /    A nd           | Website:  www.openfoam.com                      |
|    \\/     M anipulation  |                                                 |
\*---------------------------------------------------------------------------*/
FoamFile
{
    version     2.0;
    format      ascii;
    arch        "LSB;label=32;scalar=64";
    class       volScalarField;
    location    "6.5";
    object      H2O;
}
// * * * * * * * * * * * * * * * * * * * * * * * * * * * * * * * * * * * * * //

dimensions      [0 0 0 0 0 0 0];

internalField   nonuniform List<scalar> 
1000
(
0.0580664
0.0580664
0.0580664
0.0580664
0.0580664
0.0580664
0.0580664
0.0580665
0.0580665
0.0580665
0.0580665
0.0580665
0.0580665
0.0580665
0.0580665
0.0580665
0.0580665
0.0580665
0.0580666
0.0580666
0.0580666
0.0580666
0.0580666
0.0580666
0.0580666
0.0580666
0.0580666
0.0580666
0.0580667
0.0580667
0.0580667
0.0580667
0.0580667
0.0580667
0.0580667
0.0580667
0.0580667
0.0580668
0.0580668
0.0580668
0.0580668
0.0580668
0.0580668
0.0580668
0.0580668
0.0580668
0.0580668
0.0580668
0.0580668
0.0580669
0.0580669
0.0580669
0.0580669
0.0580669
0.0580669
0.0580669
0.0580669
0.0580669
0.0580669
0.0580669
0.0580669
0.0580669
0.0580669
0.0580669
0.0580669
0.0580669
0.0580669
0.0580669
0.058067
0.058067
0.058067
0.058067
0.058067
0.058067
0.058067
0.058067
0.058067
0.058067
0.058067
0.058067
0.058067
0.058067
0.058067
0.058067
0.058067
0.058067
0.058067
0.058067
0.058067
0.058067
0.058067
0.058067
0.058067
0.058067
0.058067
0.058067
0.058067
0.058067
0.058067
0.058067
0.058067
0.058067
0.058067
0.058067
0.058067
0.058067
0.058067
0.058067
0.058067
0.058067
0.058067
0.058067
0.058067
0.058067
0.058067
0.058067
0.058067
0.058067
0.058067
0.058067
0.058067
0.058067
0.058067
0.058067
0.058067
0.058067
0.058067
0.058067
0.058067
0.058067
0.058067
0.058067
0.058067
0.058067
0.058067
0.058067
0.058067
0.058067
0.058067
0.058067
0.058067
0.058067
0.058067
0.058067
0.058067
0.058067
0.058067
0.058067
0.058067
0.058067
0.058067
0.058067
0.058067
0.058067
0.058067
0.058067
0.058067
0.058067
0.058067
0.058067
0.058067
0.058067
0.058067
0.058067
0.058067
0.058067
0.058067
0.058067
0.058067
0.058067
0.058067
0.058067
0.058067
0.058067
0.058067
0.058067
0.058067
0.058067
0.058067
0.058067
0.058067
0.058067
0.058067
0.058067
0.058067
0.058067
0.058067
0.058067
0.058067
0.058067
0.058067
0.058067
0.058067
0.058067
0.058067
0.058067
0.058067
0.058067
0.058067
0.058067
0.058067
0.058067
0.058067
0.058067
0.058067
0.058067
0.058067
0.058067
0.058067
0.058067
0.058067
0.058067
0.058067
0.058067
0.058067
0.058067
0.058067
0.058067
0.058067
0.058067
0.058067
0.058067
0.058067
0.058067
0.058067
0.058067
0.058067
0.058067
0.058067
0.058067
0.058067
0.058067
0.058067
0.058067
0.058067
0.058067
0.058067
0.058067
0.058067
0.058067
0.058067
0.058067
0.058067
0.058067
0.058067
0.058067
0.058067
0.058067
0.058067
0.058067
0.058067
0.058067
0.058067
0.058067
0.058067
0.058067
0.058067
0.058067
0.058067
0.058067
0.058067
0.058067
0.058067
0.058067
0.058067
0.058067
0.058067
0.058067
0.058067
0.058067
0.058067
0.058067
0.058067
0.058067
0.058067
0.058067
0.058067
0.058067
0.058067
0.058067
0.058067
0.058067
0.058067
0.058067
0.058067
0.058067
0.058067
0.058067
0.058067
0.058067
0.058067
0.058067
0.058067
0.058067
0.058067
0.058067
0.058067
0.058067
0.058067
0.058067
0.058067
0.058067
0.058067
0.058067
0.058067
0.058067
0.058067
0.058067
0.058067
0.058067
0.058067
0.058067
0.058067
0.058067
0.058067
0.058067
0.058067
0.058067
0.058067
0.058067
0.058067
0.058067
0.058067
0.058067
0.058067
0.058067
0.058067
0.058067
0.058067
0.058067
0.058067
0.058067
0.058067
0.058067
0.058067
0.058067
0.058067
0.058067
0.058067
0.0580669
0.0580669
0.0580669
0.0580669
0.0580669
0.0580669
0.0580669
0.0580669
0.0580669
0.0580669
0.0580669
0.0580669
0.0580669
0.0580669
0.0580669
0.0580669
0.0580669
0.0580669
0.0580669
0.0580669
0.0580669
0.0580669
0.0580669
0.0580669
0.0580669
0.0580669
0.0580669
0.0580669
0.0580669
0.0580669
0.0580669
0.0580669
0.0580669
0.0580669
0.0580669
0.0580669
0.0580669
0.0580669
0.0580669
0.0580669
0.0580669
0.0580669
0.0580669
0.0580669
0.0580669
0.0580669
0.0580669
0.0580669
0.0580669
0.0580669
0.0580669
0.0580669
0.0580669
0.0580669
0.0580669
0.0580669
0.0580669
0.0580669
0.0580669
0.0580669
0.0580669
0.0580669
0.0580669
0.0580669
0.0580669
0.0580669
0.0580669
0.0580669
0.0580669
0.0580669
0.0580669
0.0580669
0.0580669
0.0580669
0.0580669
0.0580669
0.0580669
0.0580669
0.0580669
0.0580669
0.0580669
0.0580669
0.0580669
0.0580669
0.0580669
0.0580669
0.0580669
0.0580669
0.0580669
0.0580669
0.0580669
0.0580669
0.0580669
0.0580669
0.0580669
0.0580669
0.0580669
0.0580669
0.0580669
0.0580669
0.0580669
0.0580669
0.0580669
0.0580669
0.0580669
0.0580669
0.0580669
0.0580669
0.0580669
0.0580669
0.0580669
0.0580669
0.0580669
0.0580669
0.0580669
0.0580669
0.0580669
0.0580669
0.0580669
0.0580669
0.0580669
0.0580669
0.0580669
0.0580669
0.0580669
0.0580669
0.0580669
0.0580669
0.0580669
0.0580669
0.0580669
0.0580669
0.0580669
0.0580669
0.0580669
0.0580669
0.0580669
0.0580669
0.0580669
0.0580669
0.0580669
0.0580669
0.0580669
0.0580669
0.0580669
0.0580669
0.0580669
0.0580669
0.0580669
0.0580669
0.0580669
0.0580669
0.0580669
0.0580669
0.0580669
0.0580669
0.0580669
0.0580669
0.0580669
0.0580669
0.0580669
0.0580669
0.0580669
0.0580669
0.0580669
0.0580669
0.0580669
0.0580669
0.0580669
0.0580669
0.0580669
0.0580669
0.0580669
0.0580669
0.0580669
0.0580669
0.0580669
0.0580669
0.0580669
0.0580669
0.0580669
0.0580669
0.0580669
0.0580669
0.0580669
0.0580669
0.0580669
0.0580669
0.0580669
0.0580669
0.0580669
0.0580669
0.0580669
0.0580669
0.0580669
0.0580669
0.0580669
0.0580669
0.0580669
0.0580669
0.0580669
0.0580669
0.0580669
0.0580669
0.0580669
0.0580669
0.0580669
0.0580669
0.0580668
0.0580668
0.0580668
0.0580668
0.0580668
0.0580668
0.0580668
0.0580668
0.0580668
0.0580668
0.0580668
0.0580668
0.0580668
0.0580668
0.0580668
0.0580668
0.0580668
0.0580668
0.0580668
0.0580668
0.0580668
0.0580668
0.0580668
0.0580668
0.0580668
0.0580668
0.0580668
0.0580668
0.0580668
0.0580668
0.0580668
0.0580668
0.0580668
0.0580668
0.0580668
0.0580668
0.0580668
0.0580668
0.0580668
0.0580668
0.0580668
0.0580668
0.0580668
0.0580668
0.0580668
0.0580668
0.0580668
0.0580668
0.0580668
0.0580668
0.0580668
0.0580668
0.0580668
0.0580668
0.0580668
0.0580668
0.0580668
0.0580668
0.0580668
0.0580668
0.0580668
0.0580668
0.0580668
0.0580668
0.0580668
0.0580668
0.0580668
0.0580668
0.0580668
0.0580668
0.0580668
0.0580668
0.0580668
0.0580668
0.0580668
0.0580668
0.0580668
0.0580668
0.0580668
0.0580668
0.0580668
0.0580668
0.0580668
0.0580668
0.0580668
0.0580668
0.0580668
0.0580668
0.0580668
0.0580668
0.0580668
0.0580668
0.0580668
0.0580668
0.0580668
0.0580668
0.0580668
0.0580668
0.0580668
0.0580668
0.0580668
0.0580668
0.0580668
0.0580668
0.0580668
0.0580668
0.0580668
0.0580668
0.0580668
0.0580668
0.0580668
0.0580668
0.0580668
0.0580667
0.0580667
0.0580667
0.0580667
0.0580667
0.0580667
0.0580667
0.0580667
0.0580667
0.0580667
0.0580667
0.0580667
0.0580667
0.0580667
0.0580667
0.0580667
0.0580667
0.0580667
0.0580667
0.0580667
0.0580667
0.0580667
0.0580667
0.0580667
0.0580667
0.0580667
0.0580667
0.0580667
0.0580667
0.0580667
0.0580667
0.0580667
0.0580667
0.0580667
0.0580667
0.0580667
0.0580667
0.0580667
0.0580667
0.0580667
0.0580667
0.0580667
0.0580667
0.0580667
0.0580667
0.0580667
0.0580667
0.0580667
0.0580667
0.0580667
0.0580667
0.0580667
0.0580667
0.0580667
0.0580667
0.0580667
0.0580667
0.0580667
0.0580667
0.0580667
0.0580667
0.0580667
0.0580667
0.0580667
0.0580667
0.0580667
0.0580667
0.0580667
0.0580667
0.0580667
0.0580666
0.0580666
0.0580666
0.0580666
0.0580666
0.0580666
0.0580666
0.0580666
0.0580666
0.0580666
0.0580666
0.0580666
0.0580666
0.0580666
0.0580666
0.0580666
0.0580666
0.0580666
0.0580666
0.0580666
0.0580666
0.0580666
0.0580666
0.0580666
0.0580666
0.0580666
0.0580666
0.0580666
0.0580666
0.0580666
0.0580666
0.0580666
0.0580666
0.0580666
0.0580666
0.0580666
0.0580666
0.0580666
0.0580666
0.0580666
0.0580666
0.0580666
0.0580666
0.0580666
0.0580666
0.0580666
0.0580666
0.0580666
0.0580666
0.0580665
0.0580665
0.0580665
0.0580665
0.0580665
0.0580665
0.0580665
0.0580665
0.0580665
0.0580665
0.0580665
0.0580665
0.0580665
0.0580665
0.0580665
0.0580665
0.0580665
0.0580665
0.0580665
0.0580665
0.0580665
0.0580665
0.0580665
0.0580665
0.0580665
0.0580665
0.0580665
0.0580665
0.0580665
0.0580665
0.0580665
0.0580665
0.0580665
0.0580665
0.0580665
0.0580664
0.0580664
0.0580664
0.0580664
0.0580664
0.0580664
0.0580664
0.0580664
0.0580664
0.0580664
0.0580664
0.0580664
0.0580664
0.0580664
0.0580664
0.0580664
0.0580664
0.0580664
0.0580664
0.0580664
0.0580664
0.0580664
0.0580664
0.0580664
0.0580664
0.0580664
0.0580664
0.0580663
0.0580663
0.0580663
0.0580663
0.0580663
0.0580663
0.0580663
0.0580663
0.0580663
0.0580663
0.0580663
0.0580663
0.0580663
0.0580663
0.0580663
0.0580663
0.0580663
0.0580663
0.0580663
0.0580663
0.0580663
0.0580662
0.0580662
0.0580662
0.0580662
0.0580662
0.0580662
0.0580662
0.0580662
0.0580662
0.0580662
0.0580662
0.0580662
0.0580662
0.0580662
0.0580662
0.0580662
0.0580662
0.0580661
0.0580661
0.0580661
0.0580661
0.0580661
0.0580661
0.0580661
0.0580661
0.0580661
0.0580661
0.0580661
0.0580661
0.0580661
0.0580661
0.0580661
0.058066
0.058066
0.058066
0.058066
0.058066
0.058066
0.058066
0.058066
0.058066
0.058066
0.058066
0.0580659
0.0580659
0.0580659
0.0580659
0.0580659
0.0580659
0.0580659
0.0580659
0.0580659
0.0580659
0.0580659
0.0580658
0.0580658
0.0580658
0.0580658
0.0580658
0.0580658
0.0580658
0.0580658
0.0580657
0.0580657
0.0580657
0.0580657
0.0580657
0.0580657
0.0580657
0.0580657
0.0580656
0.0580656
0.0580656
0.0580656
0.0580656
0.0580656
0.0580655
0.0580655
0.0580655
0.0580655
0.0580655
0.0580654
0.0580654
0.0580654
0.0580653
0.0580653
0.0580652
0.0580651
0.058065
0.0580649
0.0580646
0.0580644
0.058064
0.0580634
0.0580626
0.0580616
0.0580601
0.0580582
0.0580555
0.0580517
0.0580467
0.0580399
0.0580307
0.0580183
0.0580017
0.0579796
0.0579504
0.0579119
0.0578613
0.0577954
0.0577099
0.0575997
0.0574585
0.0572785
0.0570508
0.0567645
0.0564068
0.0559634
0.0554173
0.0547499
0.0539406
0.0529669
0.0518048
0.05043
0.0488175
0.0469438
0.0447872
0.0423297
0.0395585
0.0365751
0.0331853
0.0294711
0.0254565
0.0211741
0.0166663
0.0119851
0.00719223
0.00236196
)
;

boundaryField
{
    fixedWall
    {
        type            zeroGradient;
    }
    outlet
    {
        type            inletOutlet;
        inletValue      uniform 0;
        value           uniform 0;
    }
    defaultFaces
    {
        type            empty;
    }
}


// ************************************************************************* //
