/*--------------------------------*- C++ -*----------------------------------*\
| =========                 |                                                 |
| \\      /  F ield         | OpenFOAM: The Open Source CFD Toolbox           |
|  \\    /   O peration     | Version:  2406                                  |
|   \\  /    A nd           | Website:  www.openfoam.com                      |
|    \\/     M anipulation  |                                                 |
\*---------------------------------------------------------------------------*/
FoamFile
{
    version     2.0;
    format      ascii;
    arch        "LSB;label=32;scalar=64";
    class       volScalarField;
    location    "6.7";
    object      CH4;
}
// * * * * * * * * * * * * * * * * * * * * * * * * * * * * * * * * * * * * * //

dimensions      [0 0 0 0 0 0 0];

internalField   nonuniform List<scalar> 
1000
(
0.422576
0.422576
0.422576
0.422576
0.422576
0.422576
0.422576
0.422576
0.422576
0.422576
0.422576
0.422576
0.422576
0.422576
0.422576
0.422576
0.422576
0.422576
0.422576
0.422576
0.422576
0.422576
0.422576
0.422576
0.422576
0.422576
0.422576
0.422576
0.422576
0.422576
0.422576
0.422576
0.422576
0.422576
0.422576
0.422576
0.422576
0.422576
0.422576
0.422576
0.422576
0.422576
0.422576
0.422576
0.422576
0.422576
0.422576
0.422576
0.422576
0.422576
0.422576
0.422576
0.422576
0.422576
0.422576
0.422576
0.422576
0.422576
0.422576
0.422576
0.422576
0.422576
0.422576
0.422576
0.422576
0.422576
0.422576
0.422576
0.422576
0.422576
0.422576
0.422576
0.422576
0.422576
0.422576
0.422576
0.422576
0.422576
0.422576
0.422576
0.422576
0.422576
0.422576
0.422576
0.422576
0.422576
0.422576
0.422576
0.422576
0.422576
0.422576
0.422576
0.422576
0.422576
0.422576
0.422576
0.422576
0.422576
0.422576
0.422576
0.422576
0.422576
0.422576
0.422576
0.422576
0.422576
0.422576
0.422576
0.422576
0.422576
0.422576
0.422576
0.422576
0.422576
0.422576
0.422576
0.422576
0.422576
0.422576
0.422576
0.422576
0.422576
0.422576
0.422576
0.422576
0.422576
0.422576
0.422576
0.422576
0.422576
0.422576
0.422576
0.422576
0.422576
0.422576
0.422576
0.422576
0.422576
0.422576
0.422576
0.422576
0.422576
0.422576
0.422576
0.422576
0.422576
0.422576
0.422576
0.422576
0.422576
0.422576
0.422576
0.422576
0.422576
0.422576
0.422576
0.422576
0.422576
0.422576
0.422576
0.422576
0.422576
0.422576
0.422576
0.422576
0.422576
0.422576
0.422576
0.422576
0.422576
0.422576
0.422576
0.422576
0.422576
0.422576
0.422576
0.422576
0.422576
0.422576
0.422576
0.422576
0.422576
0.422576
0.422576
0.422576
0.422576
0.422576
0.422576
0.422576
0.422576
0.422576
0.422576
0.422576
0.422576
0.422576
0.422576
0.422576
0.422576
0.422576
0.422576
0.422576
0.422576
0.422576
0.422576
0.422576
0.422576
0.422576
0.422576
0.422576
0.422576
0.422576
0.422576
0.422576
0.422576
0.422576
0.422576
0.422576
0.422576
0.422576
0.422576
0.422576
0.422576
0.422576
0.422576
0.422576
0.422576
0.422576
0.422576
0.422576
0.422576
0.422576
0.422576
0.422576
0.422576
0.422576
0.422576
0.422576
0.422576
0.422576
0.422576
0.422576
0.422576
0.422576
0.422576
0.422576
0.422576
0.422576
0.422576
0.422576
0.422576
0.422576
0.422576
0.422576
0.422576
0.422576
0.422576
0.422576
0.422576
0.422576
0.422576
0.422576
0.422576
0.422576
0.422576
0.422576
0.422576
0.422576
0.422576
0.422576
0.422576
0.422576
0.422576
0.422576
0.422576
0.422576
0.422576
0.422576
0.422576
0.422576
0.422576
0.422576
0.422576
0.422576
0.422576
0.422576
0.422576
0.422576
0.422576
0.422576
0.422576
0.422576
0.422576
0.422576
0.422576
0.422576
0.422576
0.422576
0.422576
0.422576
0.422576
0.422576
0.422576
0.422576
0.422576
0.422576
0.422576
0.422576
0.422576
0.422576
0.422576
0.422576
0.422576
0.422576
0.422576
0.422576
0.422576
0.422576
0.422576
0.422576
0.422576
0.422576
0.422576
0.422576
0.422576
0.422576
0.422576
0.422576
0.422576
0.422576
0.422576
0.422576
0.422576
0.422576
0.422576
0.422576
0.422576
0.422576
0.422576
0.422576
0.422576
0.422576
0.422576
0.422576
0.422576
0.422576
0.422576
0.422576
0.422576
0.422576
0.422576
0.422576
0.422576
0.422576
0.422576
0.422576
0.422576
0.422576
0.422576
0.422576
0.422576
0.422576
0.422576
0.422576
0.422576
0.422576
0.422576
0.422576
0.422576
0.422576
0.422576
0.422576
0.422576
0.422576
0.422576
0.422576
0.422576
0.422576
0.422576
0.422576
0.422576
0.422576
0.422576
0.422576
0.422576
0.422576
0.422576
0.422576
0.422576
0.422576
0.422576
0.422576
0.422576
0.422576
0.422576
0.422576
0.422576
0.422576
0.422576
0.422576
0.422576
0.422576
0.422576
0.422576
0.422576
0.422576
0.422576
0.422576
0.422576
0.422576
0.422576
0.422576
0.422576
0.422576
0.422576
0.422576
0.422576
0.422576
0.422576
0.422576
0.422576
0.422576
0.422576
0.422576
0.422576
0.422576
0.422576
0.422576
0.422576
0.422576
0.422576
0.422576
0.422576
0.422576
0.422576
0.422576
0.422576
0.422576
0.422576
0.422576
0.422576
0.422576
0.422576
0.422576
0.422576
0.422576
0.422576
0.422576
0.422576
0.422576
0.422576
0.422576
0.422576
0.422576
0.422576
0.422576
0.422576
0.422576
0.422576
0.422576
0.422576
0.422576
0.422576
0.422576
0.422576
0.422576
0.422576
0.422576
0.422576
0.422576
0.422576
0.422576
0.422576
0.422576
0.422576
0.422576
0.422576
0.422576
0.422576
0.422576
0.422576
0.422576
0.422576
0.422576
0.422576
0.422576
0.422576
0.422576
0.422576
0.422576
0.422576
0.422576
0.422576
0.422576
0.422576
0.422576
0.422576
0.422576
0.422576
0.422576
0.422576
0.422576
0.422576
0.422576
0.422576
0.422576
0.422576
0.422576
0.422576
0.422576
0.422576
0.422576
0.422576
0.422576
0.422576
0.422576
0.422576
0.422576
0.422576
0.422576
0.422576
0.422576
0.422576
0.422576
0.422576
0.422576
0.422576
0.422576
0.422576
0.422576
0.422576
0.422576
0.422576
0.422576
0.422576
0.422576
0.422576
0.422576
0.422576
0.422576
0.422576
0.422576
0.422576
0.422576
0.422576
0.422576
0.422576
0.422576
0.422576
0.422576
0.422576
0.422576
0.422576
0.422576
0.422576
0.422576
0.422576
0.422576
0.422576
0.422576
0.422576
0.422576
0.422576
0.422576
0.422576
0.422576
0.422576
0.422576
0.422576
0.422576
0.422576
0.422576
0.422576
0.422576
0.422576
0.422576
0.422576
0.422576
0.422576
0.422576
0.422576
0.422576
0.422576
0.422576
0.422576
0.422576
0.422576
0.422576
0.422576
0.422576
0.422576
0.422576
0.422576
0.422576
0.422576
0.422576
0.422576
0.422576
0.422576
0.422576
0.422576
0.422576
0.422576
0.422576
0.422576
0.422576
0.422576
0.422576
0.422576
0.422576
0.422576
0.422576
0.422576
0.422576
0.422576
0.422576
0.422576
0.422576
0.422576
0.422576
0.422576
0.422576
0.422576
0.422576
0.422576
0.422576
0.422576
0.422576
0.422576
0.422576
0.422576
0.422576
0.422576
0.422576
0.422576
0.422576
0.422576
0.422576
0.422576
0.422576
0.422576
0.422576
0.422576
0.422576
0.422576
0.422576
0.422576
0.422576
0.422576
0.422576
0.422576
0.422576
0.422576
0.422576
0.422576
0.422576
0.422576
0.422576
0.422576
0.422576
0.422576
0.422576
0.422576
0.422576
0.422576
0.422576
0.422576
0.422576
0.422576
0.422576
0.422576
0.422576
0.422576
0.422576
0.422576
0.422576
0.422576
0.422576
0.422576
0.422576
0.422576
0.422576
0.422576
0.422576
0.422576
0.422576
0.422576
0.422576
0.422576
0.422576
0.422576
0.422576
0.422576
0.422576
0.422576
0.422576
0.422576
0.422576
0.422576
0.422576
0.422576
0.422576
0.422576
0.422576
0.422576
0.422576
0.422576
0.422576
0.422576
0.422576
0.422576
0.422576
0.422576
0.422576
0.422576
0.422576
0.422576
0.422576
0.422576
0.422576
0.422576
0.422576
0.422576
0.422576
0.422576
0.422576
0.422576
0.422576
0.422576
0.422576
0.422576
0.422576
0.422576
0.422576
0.422576
0.422576
0.422576
0.422576
0.422576
0.422576
0.422576
0.422576
0.422576
0.422576
0.422576
0.422576
0.422576
0.422576
0.422576
0.422576
0.422576
0.422576
0.422576
0.422576
0.422576
0.422576
0.422576
0.422576
0.422576
0.422576
0.422576
0.422576
0.422576
0.422576
0.422576
0.422576
0.422576
0.422576
0.422576
0.422576
0.422576
0.422576
0.422576
0.422576
0.422576
0.422576
0.422576
0.422576
0.422576
0.422576
0.422576
0.422576
0.422576
0.422576
0.422576
0.422576
0.422576
0.422576
0.422576
0.422576
0.422576
0.422576
0.422576
0.422576
0.422576
0.422576
0.422576
0.422576
0.422576
0.422576
0.422576
0.422576
0.422576
0.422576
0.422576
0.422576
0.422576
0.422576
0.422576
0.422576
0.422576
0.422576
0.422576
0.422576
0.422576
0.422576
0.422576
0.422576
0.422576
0.422576
0.422576
0.422576
0.422576
0.422576
0.422576
0.422576
0.422576
0.422576
0.422576
0.422576
0.422576
0.422576
0.422576
0.422576
0.422576
0.422576
0.422576
0.422576
0.422576
0.422576
0.422576
0.422576
0.422576
0.422576
0.422576
0.422576
0.422576
0.422576
0.422576
0.422576
0.422576
0.422576
0.422576
0.422576
0.422576
0.422576
0.422576
0.422576
0.422576
0.422576
0.422576
0.422576
0.422576
0.422576
0.422576
0.422576
0.422576
0.422576
0.422576
0.422576
0.422576
0.422576
0.422576
0.422576
0.422576
0.422576
0.422576
0.422576
0.422576
0.422576
0.422576
0.422576
0.422576
0.422576
0.422576
0.422576
0.422576
0.422576
0.422576
0.422576
0.422576
0.422576
0.422576
0.422576
0.422576
0.422576
0.422576
0.422576
0.422576
0.422576
0.422576
0.422576
0.422576
0.422576
0.422576
0.422576
0.422576
0.422576
0.422576
0.422576
0.422576
0.422576
0.422576
0.422576
0.422576
0.422576
0.422576
0.422576
0.422576
0.422576
0.422576
0.422576
0.422576
0.422576
0.422576
0.422576
0.422576
0.422576
0.422576
0.422576
0.422576
0.422576
0.422576
0.422576
0.422576
0.422575
0.422575
0.422574
0.422574
0.422573
0.422572
0.42257
0.422568
0.422566
0.422562
0.422558
0.422552
0.422544
0.422534
0.422522
0.422505
0.422484
0.422457
0.422423
0.422378
0.422322
0.422252
0.422162
0.422049
0.421908
0.421732
0.421512
0.42124
0.420903
0.420488
0.41998
0.419358
0.418602
0.417686
0.41658
0.415251
0.41366
0.411766
0.40952
0.406867
0.403751
0.400107
0.395866
0.390956
0.385298
0.378814
0.371422
0.363039
0.353586
0.342988
0.331174
0.318085
0.303673
0.287906
0.270796
0.252902
0.233162
0.212078
0.189757
0.166321
0.141915
0.116709
0.0908996
0.064721
0.0384572
0.0124857
)
;

boundaryField
{
    fixedWall
    {
        type            zeroGradient;
    }
    outlet
    {
        type            inletOutlet;
        inletValue      uniform 0;
        value           uniform 0;
    }
    defaultFaces
    {
        type            empty;
    }
}


// ************************************************************************* //
