/*--------------------------------*- C++ -*----------------------------------*\
| =========                 |                                                 |
| \\      /  F ield         | OpenFOAM: The Open Source CFD Toolbox           |
|  \\    /   O peration     | Version:  2406                                  |
|   \\  /    A nd           | Website:  www.openfoam.com                      |
|    \\/     M anipulation  |                                                 |
\*---------------------------------------------------------------------------*/
FoamFile
{
    version     2.0;
    format      ascii;
    arch        "LSB;label=32;scalar=64";
    class       volScalarField;
    location    "6.7";
    object      N2;
}
// * * * * * * * * * * * * * * * * * * * * * * * * * * * * * * * * * * * * * //

dimensions      [0 0 0 0 0 0 0];

internalField   nonuniform List<scalar> 
1000
(
0.44843
0.44843
0.44843
0.44843
0.44843
0.44843
0.44843
0.44843
0.44843
0.44843
0.44843
0.44843
0.44843
0.44843
0.44843
0.44843
0.44843
0.44843
0.44843
0.44843
0.44843
0.44843
0.44843
0.44843
0.44843
0.44843
0.44843
0.44843
0.44843
0.44843
0.44843
0.44843
0.44843
0.44843
0.44843
0.44843
0.44843
0.44843
0.44843
0.44843
0.44843
0.44843
0.44843
0.44843
0.44843
0.44843
0.44843
0.44843
0.44843
0.44843
0.44843
0.44843
0.44843
0.44843
0.44843
0.44843
0.44843
0.44843
0.44843
0.44843
0.44843
0.44843
0.44843
0.44843
0.44843
0.44843
0.44843
0.44843
0.44843
0.44843
0.44843
0.44843
0.44843
0.44843
0.44843
0.44843
0.44843
0.44843
0.44843
0.44843
0.44843
0.44843
0.44843
0.44843
0.44843
0.44843
0.44843
0.44843
0.44843
0.44843
0.44843
0.44843
0.44843
0.44843
0.44843
0.44843
0.44843
0.44843
0.44843
0.44843
0.44843
0.44843
0.44843
0.44843
0.44843
0.44843
0.44843
0.44843
0.44843
0.44843
0.44843
0.44843
0.44843
0.44843
0.44843
0.44843
0.44843
0.44843
0.44843
0.44843
0.44843
0.44843
0.44843
0.44843
0.44843
0.44843
0.44843
0.44843
0.44843
0.44843
0.44843
0.44843
0.44843
0.44843
0.44843
0.44843
0.44843
0.44843
0.44843
0.44843
0.44843
0.44843
0.44843
0.44843
0.44843
0.44843
0.44843
0.44843
0.44843
0.44843
0.44843
0.44843
0.44843
0.44843
0.44843
0.44843
0.44843
0.44843
0.44843
0.44843
0.44843
0.44843
0.44843
0.44843
0.44843
0.44843
0.44843
0.44843
0.44843
0.44843
0.44843
0.44843
0.44843
0.44843
0.44843
0.44843
0.44843
0.44843
0.44843
0.44843
0.44843
0.44843
0.44843
0.44843
0.44843
0.44843
0.44843
0.44843
0.44843
0.44843
0.44843
0.44843
0.44843
0.44843
0.44843
0.44843
0.44843
0.44843
0.44843
0.44843
0.44843
0.44843
0.44843
0.44843
0.44843
0.44843
0.44843
0.44843
0.44843
0.44843
0.44843
0.44843
0.44843
0.44843
0.44843
0.44843
0.44843
0.44843
0.44843
0.44843
0.44843
0.44843
0.44843
0.44843
0.44843
0.44843
0.44843
0.44843
0.44843
0.44843
0.44843
0.44843
0.44843
0.44843
0.44843
0.44843
0.44843
0.44843
0.44843
0.44843
0.44843
0.44843
0.44843
0.44843
0.44843
0.44843
0.44843
0.44843
0.44843
0.44843
0.44843
0.44843
0.44843
0.44843
0.44843
0.44843
0.44843
0.44843
0.44843
0.44843
0.44843
0.44843
0.44843
0.44843
0.44843
0.44843
0.44843
0.44843
0.44843
0.44843
0.44843
0.44843
0.44843
0.44843
0.44843
0.44843
0.44843
0.44843
0.44843
0.44843
0.44843
0.44843
0.44843
0.44843
0.44843
0.44843
0.44843
0.44843
0.44843
0.44843
0.44843
0.44843
0.44843
0.44843
0.44843
0.44843
0.44843
0.44843
0.44843
0.44843
0.44843
0.44843
0.44843
0.44843
0.44843
0.44843
0.44843
0.44843
0.44843
0.44843
0.44843
0.44843
0.44843
0.44843
0.44843
0.44843
0.44843
0.44843
0.44843
0.44843
0.44843
0.44843
0.44843
0.44843
0.44843
0.44843
0.44843
0.44843
0.44843
0.44843
0.44843
0.44843
0.44843
0.44843
0.44843
0.44843
0.44843
0.44843
0.44843
0.44843
0.44843
0.44843
0.44843
0.44843
0.44843
0.44843
0.44843
0.44843
0.44843
0.44843
0.44843
0.44843
0.44843
0.44843
0.44843
0.44843
0.44843
0.44843
0.44843
0.44843
0.44843
0.44843
0.44843
0.44843
0.44843
0.44843
0.44843
0.44843
0.44843
0.44843
0.44843
0.44843
0.44843
0.44843
0.44843
0.44843
0.44843
0.44843
0.44843
0.44843
0.44843
0.44843
0.44843
0.44843
0.44843
0.44843
0.44843
0.44843
0.44843
0.44843
0.44843
0.44843
0.44843
0.44843
0.44843
0.44843
0.44843
0.44843
0.44843
0.44843
0.44843
0.44843
0.44843
0.44843
0.44843
0.44843
0.44843
0.44843
0.44843
0.44843
0.44843
0.44843
0.44843
0.44843
0.44843
0.44843
0.44843
0.44843
0.44843
0.44843
0.44843
0.44843
0.44843
0.44843
0.44843
0.44843
0.44843
0.44843
0.44843
0.44843
0.44843
0.44843
0.44843
0.44843
0.44843
0.44843
0.44843
0.44843
0.44843
0.44843
0.44843
0.44843
0.44843
0.44843
0.44843
0.44843
0.44843
0.44843
0.44843
0.44843
0.44843
0.44843
0.44843
0.44843
0.44843
0.44843
0.44843
0.44843
0.44843
0.44843
0.44843
0.44843
0.44843
0.44843
0.44843
0.44843
0.44843
0.44843
0.44843
0.44843
0.44843
0.44843
0.44843
0.44843
0.44843
0.44843
0.44843
0.44843
0.44843
0.44843
0.44843
0.44843
0.44843
0.44843
0.44843
0.44843
0.44843
0.44843
0.44843
0.44843
0.44843
0.44843
0.44843
0.44843
0.44843
0.44843
0.44843
0.44843
0.44843
0.44843
0.44843
0.44843
0.44843
0.44843
0.44843
0.44843
0.44843
0.44843
0.44843
0.44843
0.44843
0.44843
0.44843
0.44843
0.44843
0.44843
0.44843
0.44843
0.44843
0.44843
0.44843
0.44843
0.44843
0.44843
0.44843
0.44843
0.44843
0.44843
0.44843
0.44843
0.44843
0.44843
0.44843
0.44843
0.44843
0.44843
0.44843
0.44843
0.44843
0.44843
0.44843
0.44843
0.44843
0.44843
0.44843
0.44843
0.44843
0.44843
0.44843
0.44843
0.44843
0.44843
0.44843
0.44843
0.44843
0.44843
0.44843
0.44843
0.44843
0.44843
0.44843
0.44843
0.44843
0.44843
0.44843
0.44843
0.44843
0.44843
0.44843
0.44843
0.44843
0.44843
0.44843
0.44843
0.44843
0.44843
0.44843
0.44843
0.44843
0.44843
0.44843
0.44843
0.44843
0.44843
0.44843
0.44843
0.44843
0.44843
0.44843
0.44843
0.44843
0.44843
0.44843
0.44843
0.44843
0.44843
0.44843
0.44843
0.44843
0.44843
0.44843
0.44843
0.44843
0.44843
0.44843
0.44843
0.44843
0.44843
0.44843
0.44843
0.44843
0.44843
0.44843
0.44843
0.44843
0.44843
0.44843
0.44843
0.44843
0.44843
0.44843
0.44843
0.44843
0.44843
0.44843
0.44843
0.44843
0.44843
0.44843
0.44843
0.44843
0.44843
0.44843
0.44843
0.44843
0.44843
0.44843
0.44843
0.44843
0.44843
0.44843
0.44843
0.44843
0.44843
0.44843
0.44843
0.44843
0.44843
0.44843
0.44843
0.44843
0.44843
0.44843
0.44843
0.44843
0.44843
0.44843
0.44843
0.44843
0.44843
0.44843
0.44843
0.44843
0.44843
0.44843
0.44843
0.44843
0.44843
0.44843
0.44843
0.44843
0.44843
0.44843
0.44843
0.44843
0.44843
0.44843
0.44843
0.44843
0.44843
0.44843
0.44843
0.44843
0.44843
0.44843
0.44843
0.44843
0.44843
0.44843
0.44843
0.44843
0.44843
0.44843
0.44843
0.44843
0.44843
0.44843
0.44843
0.44843
0.44843
0.44843
0.44843
0.44843
0.44843
0.44843
0.44843
0.44843
0.44843
0.44843
0.44843
0.44843
0.44843
0.44843
0.44843
0.44843
0.44843
0.44843
0.44843
0.44843
0.44843
0.44843
0.44843
0.44843
0.44843
0.44843
0.44843
0.44843
0.44843
0.44843
0.44843
0.44843
0.44843
0.44843
0.44843
0.44843
0.44843
0.44843
0.44843
0.44843
0.44843
0.44843
0.44843
0.44843
0.44843
0.44843
0.44843
0.44843
0.44843
0.44843
0.44843
0.44843
0.44843
0.44843
0.44843
0.44843
0.44843
0.44843
0.44843
0.44843
0.44843
0.44843
0.44843
0.44843
0.44843
0.44843
0.44843
0.44843
0.44843
0.44843
0.44843
0.44843
0.44843
0.44843
0.44843
0.44843
0.44843
0.44843
0.44843
0.44843
0.44843
0.44843
0.44843
0.44843
0.44843
0.44843
0.44843
0.44843
0.44843
0.44843
0.44843
0.44843
0.44843
0.44843
0.44843
0.44843
0.44843
0.44843
0.44843
0.44843
0.44843
0.44843
0.44843
0.44843
0.44843
0.44843
0.44843
0.44843
0.44843
0.44843
0.44843
0.44843
0.44843
0.44843
0.44843
0.44843
0.44843
0.44843
0.44843
0.44843
0.44843
0.44843
0.44843
0.44843
0.44843
0.44843
0.44843
0.44843
0.44843
0.44843
0.44843
0.44843
0.44843
0.44843
0.44843
0.44843
0.44843
0.44843
0.44843
0.44843
0.44843
0.44843
0.44843
0.44843
0.44843
0.44843
0.44843
0.44843
0.44843
0.44843
0.44843
0.44843
0.44843
0.44843
0.44843
0.44843
0.44843
0.44843
0.44843
0.44843
0.44843
0.44843
0.44843
0.44843
0.44843
0.44843
0.44843
0.44843
0.44843
0.44843
0.44843
0.44843
0.44843
0.44843
0.44843
0.44843
0.44843
0.44843
0.44843
0.44843
0.44843
0.44843
0.44843
0.44843
0.44843
0.44843
0.44843
0.44843
0.44843
0.44843
0.44843
0.44843
0.44843
0.44843
0.44843
0.44843
0.44843
0.44843
0.44843
0.44843
0.44843
0.44843
0.44843
0.44843
0.44843
0.44843
0.44843
0.44843
0.44843
0.44843
0.44843
0.44843
0.44843
0.44843
0.44843
0.44843
0.44843
0.44843
0.44843
0.44843
0.44843
0.44843
0.44843
0.44843
0.44843
0.44843
0.44843
0.44843
0.44843
0.44843
0.44843
0.448431
0.448431
0.448431
0.448431
0.448432
0.448432
0.448433
0.448434
0.448435
0.448436
0.448438
0.448441
0.448444
0.448449
0.448455
0.448462
0.448472
0.448485
0.448502
0.448523
0.448551
0.448586
0.448631
0.448689
0.448762
0.448854
0.448971
0.449118
0.449302
0.449533
0.449819
0.450175
0.450615
0.451156
0.45182
0.452631
0.453618
0.454814
0.456258
0.457992
0.460068
0.462541
0.465473
0.468935
0.473002
0.477759
0.483294
0.489704
0.497088
0.505552
0.515201
0.526143
0.538481
0.552315
0.567735
0.58482
0.603632
0.624211
0.646545
0.6699
0.695666
0.723186
0.752321
0.782911
0.814766
0.847667
0.881354
0.915524
0.949804
0.983703
)
;

boundaryField
{
    fixedWall
    {
        type            zeroGradient;
    }
    outlet
    {
        type            inletOutlet;
        inletValue      uniform 0;
        value           uniform 1;
    }
    defaultFaces
    {
        type            empty;
    }
}


// ************************************************************************* //
