/*--------------------------------*- C++ -*----------------------------------*\
| =========                 |                                                 |
| \\      /  F ield         | OpenFOAM: The Open Source CFD Toolbox           |
|  \\    /   O peration     | Version:  2406                                  |
|   \\  /    A nd           | Website:  www.openfoam.com                      |
|    \\/     M anipulation  |                                                 |
\*---------------------------------------------------------------------------*/
FoamFile
{
    version     2.0;
    format      ascii;
    arch        "LSB;label=32;scalar=64";
    class       volScalarField;
    location    "2.7";
    object      CH4;
}
// * * * * * * * * * * * * * * * * * * * * * * * * * * * * * * * * * * * * * //

dimensions      [0 0 0 0 0 0 0];

internalField   nonuniform List<scalar> 
1000
(
0.422576
0.422576
0.422576
0.422576
0.422576
0.422576
0.422576
0.422576
0.422576
0.422576
0.422576
0.422576
0.422576
0.422576
0.422576
0.422576
0.422576
0.422576
0.422576
0.422576
0.422576
0.422576
0.422576
0.422576
0.422576
0.422576
0.422576
0.422576
0.422576
0.422576
0.422576
0.422576
0.422576
0.422576
0.422576
0.422576
0.422576
0.422576
0.422576
0.422576
0.422576
0.422576
0.422576
0.422576
0.422576
0.422576
0.422576
0.422576
0.422576
0.422576
0.422576
0.422576
0.422576
0.422576
0.422576
0.422576
0.422576
0.422576
0.422576
0.422576
0.422576
0.422576
0.422576
0.422576
0.422576
0.422576
0.422576
0.422576
0.422576
0.422576
0.422576
0.422576
0.422576
0.422576
0.422576
0.422576
0.422576
0.422576
0.422576
0.422576
0.422576
0.422576
0.422576
0.422576
0.422576
0.422576
0.422576
0.422576
0.422576
0.422576
0.422576
0.422576
0.422576
0.422576
0.422576
0.422576
0.422576
0.422576
0.422576
0.422576
0.422576
0.422576
0.422576
0.422576
0.422576
0.422576
0.422576
0.422576
0.422576
0.422576
0.422576
0.422576
0.422576
0.422576
0.422576
0.422576
0.422576
0.422576
0.422576
0.422576
0.422576
0.422576
0.422576
0.422576
0.422576
0.422576
0.422576
0.422576
0.422576
0.422576
0.422576
0.422576
0.422576
0.422576
0.422576
0.422576
0.422576
0.422576
0.422576
0.422576
0.422576
0.422576
0.422576
0.422576
0.422576
0.422576
0.422576
0.422576
0.422576
0.422576
0.422576
0.422576
0.422576
0.422576
0.422576
0.422576
0.422576
0.422576
0.422576
0.422576
0.422576
0.422576
0.422576
0.422576
0.422576
0.422576
0.422576
0.422576
0.422576
0.422576
0.422576
0.422576
0.422576
0.422576
0.422576
0.422576
0.422576
0.422576
0.422576
0.422576
0.422576
0.422576
0.422576
0.422576
0.422576
0.422576
0.422576
0.422576
0.422576
0.422576
0.422576
0.422576
0.422576
0.422576
0.422576
0.422576
0.422576
0.422576
0.422576
0.422576
0.422576
0.422576
0.422576
0.422576
0.422576
0.422576
0.422576
0.422576
0.422576
0.422576
0.422576
0.422576
0.422576
0.422576
0.422576
0.422576
0.422576
0.422576
0.422576
0.422576
0.422576
0.422576
0.422576
0.422576
0.422576
0.422576
0.422576
0.422576
0.422576
0.422576
0.422576
0.422576
0.422576
0.422576
0.422576
0.422576
0.422576
0.422576
0.422576
0.422576
0.422576
0.422576
0.422576
0.422576
0.422576
0.422576
0.422576
0.422576
0.422576
0.422576
0.422576
0.422576
0.422576
0.422576
0.422576
0.422576
0.422576
0.422576
0.422576
0.422576
0.422576
0.422576
0.422576
0.422576
0.422576
0.422576
0.422576
0.422576
0.422576
0.422576
0.422576
0.422576
0.422576
0.422576
0.422576
0.422576
0.422576
0.422576
0.422576
0.422576
0.422576
0.422576
0.422576
0.422576
0.422576
0.422576
0.422576
0.422576
0.422576
0.422576
0.422576
0.422576
0.422576
0.422576
0.422576
0.422576
0.422576
0.422576
0.422576
0.422576
0.422576
0.422576
0.422576
0.422576
0.422576
0.422576
0.422576
0.422576
0.422576
0.422576
0.422576
0.422576
0.422577
0.422577
0.422577
0.422577
0.422577
0.422577
0.422577
0.422577
0.422577
0.422577
0.422577
0.422577
0.422577
0.422577
0.422577
0.422577
0.422577
0.422577
0.422577
0.422577
0.422577
0.422577
0.422577
0.422577
0.422577
0.422577
0.422577
0.422577
0.422577
0.422577
0.422577
0.422577
0.422577
0.422577
0.422577
0.422577
0.422577
0.422577
0.422577
0.422577
0.422577
0.422577
0.422577
0.422577
0.422577
0.422577
0.422577
0.422577
0.422577
0.422577
0.422577
0.422577
0.422577
0.422577
0.422577
0.422577
0.422577
0.422577
0.422577
0.422577
0.422577
0.422577
0.422578
0.422578
0.422578
0.422578
0.422578
0.422578
0.422578
0.422578
0.422578
0.422578
0.422578
0.422578
0.422578
0.422578
0.422578
0.422578
0.422579
0.422579
0.422579
0.422579
0.422579
0.422579
0.422579
0.422579
0.42258
0.42258
0.42258
0.42258
0.42258
0.422581
0.422581
0.422581
0.422582
0.422582
0.422583
0.422583
0.422584
0.422585
0.422586
0.422588
0.422589
0.422592
0.422595
0.422599
0.422606
0.422616
0.422636
0.422679
0.422794
0.423153
0.424437
0.430074
0.439291
0.443932
0.446215
0.447337
0.44789
0.448163
0.448298
0.448365
0.448398
0.448414
0.448422
0.448426
0.448428
0.448429
0.44843
0.44843
0.44843
0.44843
0.44843
0.44843
0.44843
0.44843
0.44843
0.44843
0.44843
0.44843
0.44843
0.44843
0.44843
0.44843
0.44843
0.44843
0.44843
0.44843
0.44843
0.44843
0.44843
0.44843
0.44843
0.44843
0.44843
0.44843
0.44843
0.44843
0.44843
0.44843
0.44843
0.44843
0.44843
0.44843
0.44843
0.44843
0.44843
0.44843
0.44843
0.44843
0.44843
0.44843
0.44843
0.44843
0.44843
0.44843
0.44843
0.44843
0.44843
0.44843
0.44843
0.44843
0.44843
0.44843
0.44843
0.44843
0.44843
0.44843
0.44843
0.44843
0.44843
0.44843
0.44843
0.44843
0.44843
0.44843
0.44843
0.44843
0.44843
0.44843
0.44843
0.44843
0.44843
0.44843
0.44843
0.44843
0.44843
0.44843
0.44843
0.44843
0.44843
0.44843
0.44843
0.44843
0.44843
0.44843
0.44843
0.44843
0.44843
0.44843
0.44843
0.44843
0.44843
0.44843
0.44843
0.44843
0.44843
0.44843
0.44843
0.44843
0.44843
0.44843
0.44843
0.44843
0.44843
0.44843
0.44843
0.44843
0.44843
0.44843
0.44843
0.44843
0.44843
0.44843
0.44843
0.44843
0.44843
0.44843
0.44843
0.44843
0.44843
0.44843
0.44843
0.44843
0.44843
0.44843
0.44843
0.44843
0.44843
0.44843
0.44843
0.44843
0.44843
0.44843
0.44843
0.44843
0.44843
0.44843
0.44843
0.44843
0.44843
0.44843
0.44843
0.44843
0.44843
0.44843
0.44843
0.44843
0.44843
0.44843
0.44843
0.44843
0.44843
0.44843
0.44843
0.44843
0.44843
0.44843
0.44843
0.44843
0.44843
0.44843
0.44843
0.44843
0.44843
0.44843
0.44843
0.44843
0.44843
0.44843
0.44843
0.44843
0.44843
0.44843
0.44843
0.44843
0.44843
0.44843
0.44843
0.44843
0.44843
0.44843
0.44843
0.44843
0.44843
0.44843
0.44843
0.44843
0.44843
0.44843
0.44843
0.44843
0.44843
0.44843
0.44843
0.44843
0.44843
0.44843
0.44843
0.44843
0.44843
0.44843
0.44843
0.44843
0.44843
0.44843
0.44843
0.44843
0.44843
0.44843
0.44843
0.44843
0.44843
0.44843
0.44843
0.44843
0.44843
0.44843
0.44843
0.44843
0.44843
0.44843
0.44843
0.44843
0.44843
0.44843
0.44843
0.44843
0.44843
0.44843
0.44843
0.44843
0.44843
0.44843
0.44843
0.44843
0.44843
0.44843
0.44843
0.44843
0.44843
0.44843
0.44843
0.44843
0.44843
0.44843
0.44843
0.44843
0.44843
0.44843
0.44843
0.44843
0.44843
0.44843
0.44843
0.44843
0.44843
0.44843
0.44843
0.44843
0.44843
0.44843
0.44843
0.44843
0.44843
0.44843
0.44843
0.44843
0.44843
0.44843
0.44843
0.44843
0.44843
0.44843
0.44843
0.44843
0.44843
0.44843
0.44843
0.44843
0.44843
0.44843
0.44843
0.44843
0.44843
0.44843
0.44843
0.44843
0.44843
0.44843
0.44843
0.44843
0.44843
0.44843
0.44843
0.44843
0.44843
0.44843
0.44843
0.44843
0.44843
0.44843
0.44843
0.44843
0.44843
0.44843
0.44843
0.44843
0.44843
0.44843
0.44843
0.44843
0.44843
0.44843
0.44843
0.44843
0.44843
0.44843
0.44843
0.44843
0.44843
0.44843
0.44843
0.44843
0.44843
0.44843
0.44843
0.44843
0.44843
0.44843
0.44843
0.44843
0.44843
0.44843
0.44843
0.44843
0.44843
0.44843
0.44843
0.44843
0.44843
0.44843
0.44843
0.44843
0.44843
0.44843
0.44843
0.44843
0.44843
0.44843
0.44843
0.44843
0.44843
0.44843
0.44843
0.44843
0.44843
0.44843
0.44843
0.44843
0.44843
0.44843
0.44843
0.44843
0.44843
0.44843
0.44843
0.44843
0.44843
0.44843
0.44843
0.44843
0.44843
0.44843
0.44843
0.44843
0.44843
0.44843
0.44843
0.44843
0.44843
0.44843
0.44843
0.44843
0.44843
0.44843
0.44843
0.44843
0.44843
0.44843
0.44843
0.44843
0.44843
0.44843
0.44843
0.44843
0.44843
0.44843
0.44843
0.44843
0.44843
0.44843
0.44843
0.44843
0.44843
0.44843
0.44843
0.44843
0.44843
0.44843
0.44843
0.44843
0.44843
0.44843
0.44843
0.44843
0.44843
0.44843
0.44843
0.44843
0.44843
0.44843
0.44843
0.44843
0.44843
0.44843
0.44843
0.44843
0.44843
0.44843
0.44843
0.44843
0.44843
0.44843
0.44843
0.44843
0.44843
0.44843
0.44843
0.44843
0.44843
0.44843
0.44843
0.44843
0.44843
0.44843
0.44843
0.44843
0.44843
0.44843
0.44843
0.44843
0.44843
0.44843
0.44843
0.44843
0.44843
0.44843
0.44843
0.44843
0.44843
0.44843
0.44843
0.44843
0.44843
0.44843
0.44843
0.44843
0.44843
0.44843
0.44843
0.44843
0.44843
0.44843
0.44843
0.44843
0.44843
0.44843
0.44843
0.44843
0.44843
0.44843
0.44843
0.44843
0.44843
0.44843
0.44843
0.44843
0.44843
0.44843
0.44843
0.44843
0.44843
0.44843
0.44843
0.44843
0.44843
0.44843
0.44843
0.44843
0.44843
0.44843
0.44843
0.44843
0.44843
0.44843
0.44843
0.44843
0.44843
0.44843
0.44843
0.44843
0.44843
0.44843
0.44843
0.44843
0.44843
0.44843
0.44843
0.44843
0.44843
0.44843
0.44843
0.44843
0.44843
0.44843
0.44843
0.44843
0.44843
0.44843
0.44843
0.44843
0.44843
0.44843
0.44843
0.44843
0.44843
0.44843
0.44843
0.44843
0.44843
0.44843
0.44843
0.44843
0.44843
0.44843
0.44843
0.44843
0.44843
0.44843
0.44843
0.44843
0.44843
0.44843
0.44843
0.44843
0.44843
0.44843
)
;

boundaryField
{
    fixedWall
    {
        type            zeroGradient;
    }
    outlet
    {
        type            inletOutlet;
        inletValue      uniform 0;
        value           uniform 0.44843;
    }
    defaultFaces
    {
        type            empty;
    }
}


// ************************************************************************* //
