/*--------------------------------*- C++ -*----------------------------------*\
| =========                 |                                                 |
| \\      /  F ield         | OpenFOAM: The Open Source CFD Toolbox           |
|  \\    /   O peration     | Version:  2406                                  |
|   \\  /    A nd           | Website:  www.openfoam.com                      |
|    \\/     M anipulation  |                                                 |
\*---------------------------------------------------------------------------*/
FoamFile
{
    version     2.0;
    format      ascii;
    arch        "LSB;label=32;scalar=64";
    class       volScalarField;
    location    "5.9";
    object      CO2;
}
// * * * * * * * * * * * * * * * * * * * * * * * * * * * * * * * * * * * * * //

dimensions      [0 0 0 0 0 0 0];

internalField   nonuniform List<scalar> 
1000
(
0.0709259
0.0709259
0.0709259
0.0709259
0.0709259
0.0709259
0.0709259
0.0709259
0.0709259
0.0709259
0.070926
0.070926
0.070926
0.070926
0.070926
0.070926
0.070926
0.070926
0.0709261
0.0709261
0.0709261
0.0709261
0.0709261
0.0709261
0.0709261
0.0709261
0.0709262
0.0709262
0.0709262
0.0709262
0.0709262
0.0709262
0.0709262
0.0709263
0.0709263
0.0709263
0.0709263
0.0709263
0.0709263
0.0709263
0.0709263
0.0709264
0.0709264
0.0709264
0.0709264
0.0709264
0.0709264
0.0709264
0.0709264
0.0709264
0.0709264
0.0709264
0.0709265
0.0709265
0.0709265
0.0709265
0.0709265
0.0709265
0.0709265
0.0709265
0.0709265
0.0709265
0.0709265
0.0709265
0.0709265
0.0709265
0.0709265
0.0709265
0.0709265
0.0709266
0.0709266
0.0709266
0.0709266
0.0709266
0.0709266
0.0709266
0.0709266
0.0709266
0.0709266
0.0709266
0.0709266
0.0709266
0.0709266
0.0709266
0.0709266
0.0709266
0.0709266
0.0709266
0.0709266
0.0709266
0.0709266
0.0709266
0.0709266
0.0709266
0.0709266
0.0709266
0.0709266
0.0709266
0.0709266
0.0709266
0.0709266
0.0709266
0.0709266
0.0709266
0.0709266
0.0709266
0.0709266
0.0709266
0.0709266
0.0709266
0.0709266
0.0709266
0.0709266
0.0709266
0.0709266
0.0709266
0.0709266
0.0709266
0.0709266
0.0709266
0.0709266
0.0709266
0.0709266
0.0709266
0.0709266
0.0709266
0.0709266
0.0709266
0.0709266
0.0709266
0.0709266
0.0709266
0.0709266
0.0709266
0.0709266
0.0709266
0.0709266
0.0709266
0.0709266
0.0709266
0.0709266
0.0709266
0.0709266
0.0709266
0.0709266
0.0709266
0.0709266
0.0709266
0.0709266
0.0709266
0.0709266
0.0709266
0.0709266
0.0709266
0.0709266
0.0709266
0.0709266
0.0709266
0.0709266
0.0709266
0.0709266
0.0709266
0.0709266
0.0709266
0.0709266
0.0709266
0.0709266
0.0709266
0.0709266
0.0709266
0.0709266
0.0709266
0.0709266
0.0709266
0.0709266
0.0709266
0.0709266
0.0709266
0.0709266
0.0709266
0.0709266
0.0709266
0.0709266
0.0709266
0.0709266
0.0709266
0.0709266
0.0709266
0.0709266
0.0709266
0.0709266
0.0709266
0.0709266
0.0709266
0.0709266
0.0709266
0.0709266
0.0709266
0.0709266
0.0709266
0.0709266
0.0709266
0.0709266
0.0709266
0.0709266
0.0709266
0.0709266
0.0709266
0.0709266
0.0709266
0.0709266
0.0709266
0.0709266
0.0709266
0.0709266
0.0709266
0.0709266
0.0709266
0.0709266
0.0709266
0.0709266
0.0709266
0.0709266
0.0709266
0.0709266
0.0709266
0.0709266
0.0709266
0.0709266
0.0709266
0.0709266
0.0709266
0.0709266
0.0709266
0.0709266
0.0709266
0.0709266
0.0709266
0.0709266
0.0709266
0.0709266
0.0709266
0.0709266
0.0709266
0.0709266
0.0709266
0.0709266
0.0709266
0.0709266
0.0709266
0.0709266
0.0709266
0.0709266
0.0709266
0.0709266
0.0709266
0.0709266
0.0709266
0.0709266
0.0709266
0.0709266
0.0709266
0.0709265
0.0709265
0.0709265
0.0709265
0.0709265
0.0709265
0.0709265
0.0709265
0.0709265
0.0709265
0.0709265
0.0709265
0.0709265
0.0709265
0.0709265
0.0709265
0.0709265
0.0709265
0.0709265
0.0709265
0.0709265
0.0709265
0.0709265
0.0709265
0.0709265
0.0709265
0.0709265
0.0709265
0.0709265
0.0709265
0.0709265
0.0709265
0.0709265
0.0709265
0.0709265
0.0709265
0.0709265
0.0709265
0.0709265
0.0709265
0.0709265
0.0709265
0.0709265
0.0709265
0.0709265
0.0709265
0.0709265
0.0709265
0.0709265
0.0709265
0.0709265
0.0709265
0.0709265
0.0709265
0.0709265
0.0709265
0.0709265
0.0709265
0.0709265
0.0709265
0.0709265
0.0709265
0.0709265
0.0709265
0.0709265
0.0709265
0.0709265
0.0709265
0.0709265
0.0709265
0.0709265
0.0709265
0.0709265
0.0709265
0.0709265
0.0709265
0.0709265
0.0709265
0.0709265
0.0709265
0.0709265
0.0709265
0.0709265
0.0709265
0.0709265
0.0709265
0.0709265
0.0709265
0.0709265
0.0709265
0.0709265
0.0709265
0.0709265
0.0709265
0.0709265
0.0709265
0.0709265
0.0709265
0.0709265
0.0709265
0.0709265
0.0709265
0.0709265
0.0709265
0.0709265
0.0709265
0.0709265
0.0709265
0.0709265
0.0709265
0.0709265
0.0709265
0.0709265
0.0709265
0.0709265
0.0709265
0.0709265
0.0709265
0.0709265
0.0709265
0.0709265
0.0709265
0.0709265
0.0709265
0.0709265
0.0709265
0.0709265
0.0709265
0.0709265
0.0709265
0.0709265
0.0709265
0.0709265
0.0709265
0.0709265
0.0709265
0.0709265
0.0709265
0.0709265
0.0709265
0.0709265
0.0709265
0.0709265
0.0709265
0.0709265
0.0709265
0.0709265
0.0709265
0.0709265
0.0709265
0.0709265
0.0709265
0.0709265
0.0709265
0.0709265
0.0709265
0.0709265
0.0709265
0.0709265
0.0709265
0.0709265
0.0709265
0.0709265
0.0709265
0.0709265
0.0709265
0.0709265
0.0709265
0.0709265
0.0709265
0.0709264
0.0709264
0.0709264
0.0709264
0.0709264
0.0709264
0.0709264
0.0709264
0.0709264
0.0709264
0.0709264
0.0709264
0.0709264
0.0709264
0.0709264
0.0709264
0.0709264
0.0709264
0.0709264
0.0709264
0.0709264
0.0709264
0.0709264
0.0709264
0.0709264
0.0709264
0.0709264
0.0709264
0.0709264
0.0709264
0.0709264
0.0709264
0.0709264
0.0709264
0.0709264
0.0709264
0.0709264
0.0709264
0.0709264
0.0709264
0.0709264
0.0709264
0.0709264
0.0709264
0.0709264
0.0709264
0.0709264
0.0709264
0.0709264
0.0709264
0.0709264
0.0709264
0.0709264
0.0709264
0.0709264
0.0709264
0.0709264
0.0709264
0.0709264
0.0709264
0.0709264
0.0709264
0.0709264
0.0709264
0.0709264
0.0709264
0.0709264
0.0709264
0.0709264
0.0709264
0.0709264
0.0709264
0.0709264
0.0709264
0.0709264
0.0709264
0.0709264
0.0709264
0.0709264
0.0709264
0.0709264
0.0709264
0.0709264
0.0709264
0.0709264
0.0709264
0.0709264
0.0709264
0.0709264
0.0709264
0.0709264
0.0709264
0.0709264
0.0709264
0.0709264
0.0709264
0.0709264
0.0709264
0.0709264
0.0709264
0.0709264
0.0709264
0.0709263
0.0709263
0.0709263
0.0709263
0.0709263
0.0709263
0.0709263
0.0709263
0.0709263
0.0709263
0.0709263
0.0709263
0.0709263
0.0709263
0.0709263
0.0709263
0.0709263
0.0709263
0.0709263
0.0709263
0.0709263
0.0709263
0.0709263
0.0709263
0.0709263
0.0709263
0.0709263
0.0709263
0.0709263
0.0709263
0.0709263
0.0709263
0.0709263
0.0709263
0.0709263
0.0709263
0.0709263
0.0709263
0.0709263
0.0709263
0.0709263
0.0709263
0.0709263
0.0709263
0.0709263
0.0709263
0.0709263
0.0709263
0.0709263
0.0709263
0.0709263
0.0709263
0.0709263
0.0709263
0.0709263
0.0709263
0.0709263
0.0709263
0.0709263
0.0709263
0.0709263
0.0709263
0.0709263
0.0709263
0.0709263
0.0709263
0.0709263
0.0709263
0.0709262
0.0709262
0.0709262
0.0709262
0.0709262
0.0709262
0.0709262
0.0709262
0.0709262
0.0709262
0.0709262
0.0709262
0.0709262
0.0709262
0.0709262
0.0709262
0.0709262
0.0709262
0.0709262
0.0709262
0.0709262
0.0709262
0.0709262
0.0709262
0.0709262
0.0709262
0.0709262
0.0709262
0.0709262
0.0709262
0.0709262
0.0709262
0.0709262
0.0709262
0.0709262
0.0709262
0.0709262
0.0709262
0.0709262
0.0709262
0.0709262
0.0709262
0.0709262
0.0709262
0.0709262
0.0709262
0.0709262
0.0709262
0.0709261
0.0709261
0.0709261
0.0709261
0.0709261
0.0709261
0.0709261
0.0709261
0.0709261
0.0709261
0.0709261
0.0709261
0.0709261
0.0709261
0.0709261
0.0709261
0.0709261
0.0709261
0.0709261
0.0709261
0.0709261
0.0709261
0.0709261
0.0709261
0.0709261
0.0709261
0.0709261
0.0709261
0.0709261
0.0709261
0.0709261
0.0709261
0.0709261
0.0709261
0.0709261
0.0709261
0.0709261
0.070926
0.070926
0.070926
0.070926
0.070926
0.070926
0.070926
0.070926
0.070926
0.070926
0.070926
0.070926
0.070926
0.070926
0.070926
0.070926
0.070926
0.070926
0.070926
0.070926
0.070926
0.070926
0.070926
0.070926
0.070926
0.070926
0.070926
0.070926
0.0709259
0.0709259
0.0709259
0.0709259
0.0709259
0.0709259
0.0709259
0.0709259
0.0709259
0.0709259
0.0709259
0.0709259
0.0709259
0.0709259
0.0709259
0.0709259
0.0709259
0.0709259
0.0709259
0.0709259
0.0709259
0.0709259
0.0709258
0.0709258
0.0709258
0.0709258
0.0709258
0.0709258
0.0709258
0.0709258
0.0709258
0.0709258
0.0709258
0.0709258
0.0709258
0.0709258
0.0709258
0.0709258
0.0709258
0.0709258
0.0709258
0.0709257
0.0709257
0.0709257
0.0709257
0.0709257
0.0709257
0.0709257
0.0709257
0.0709257
0.0709257
0.0709257
0.0709257
0.0709257
0.0709257
0.0709257
0.0709256
0.0709256
0.0709256
0.0709256
0.0709256
0.0709256
0.0709256
0.0709256
0.0709256
0.0709256
0.0709256
0.0709256
0.0709256
0.0709256
0.0709255
0.0709255
0.0709255
0.0709255
0.0709255
0.0709255
0.0709255
0.0709255
0.0709255
0.0709255
0.0709255
0.0709254
0.0709254
0.0709254
0.0709254
0.0709254
0.0709254
0.0709254
0.0709254
0.0709254
0.0709253
0.0709253
0.0709253
0.0709253
0.0709253
0.0709253
0.0709253
0.0709253
0.0709253
0.0709252
0.0709252
0.0709252
0.0709252
0.0709252
0.0709252
0.0709252
0.0709251
0.0709251
0.0709251
0.0709251
0.0709251
0.0709251
0.0709251
0.070925
0.070925
0.070925
0.070925
0.070925
0.070925
0.0709249
0.0709249
0.0709249
0.0709249
0.0709249
0.0709248
0.0709248
0.0709248
0.0709248
0.0709248
0.0709247
0.0709247
0.0709247
0.0709247
0.0709247
0.0709246
0.0709246
0.0709246
0.0709246
0.0709245
0.0709245
0.0709245
0.0709245
0.0709244
0.0709244
0.0709244
0.0709243
0.0709243
0.0709243
0.0709242
0.0709242
0.0709242
0.0709241
0.0709241
0.0709241
0.070924
0.070924
0.0709239
0.0709239
0.0709239
0.0709238
0.0709238
0.0709237
0.0709237
0.0709236
0.0709236
0.0709235
0.0709235
0.0709234
0.0709234
0.0709233
0.0709232
0.0709232
0.0709231
0.070923
0.070923
0.0709229
0.0709228
0.0709227
0.0709227
0.0709226
0.0709225
0.0709224
0.0709223
0.0709222
0.0709221
0.070922
0.0709219
0.0709217
0.0709216
0.0709215
0.0709213
0.0709212
0.070921
0.0709209
0.0709207
0.0709205
0.0709203
0.0709201
0.0709199
0.0709196
0.0709194
0.0709191
0.0709188
0.0709185
0.0709182
0.0709178
0.0709174
0.070917
0.0709165
0.070916
0.0709154
0.0709148
0.0709141
0.0709134
0.0709125
0.0709115
0.0709104
0.0709092
0.0709077
0.070906
0.070904
0.0709016
0.0708986
0.0708949
0.0708901
0.0708839
0.0708756
0.0708639
0.0708463
0.0708174
0.0707637
0.0706478
0.0703457
0.0694081
0.0660851
0.051678
0.0259243
0.0128635
0.00638911
0.00317722
0.00158154
0.00078798
0.000392946
0.000196107
9.79352e-05
4.89331e-05
2.44585e-05
1.22285e-05
6.11506e-06
3.05838e-06
1.52978e-06
7.65292e-07
3.82908e-07
1.9164e-07
9.59848e-08
4.81615e-08
2.41518e-08
1.22326e-08
6.24501e-09
3.18426e-09
2.15891e-09
1.39093e-09
8.1472e-10
5.27799e-10
3.84357e-10
3.1232e-10
2.76239e-10
2.57386e-10
2.48568e-10
2.43804e-10
2.41091e-10
2.39892e-10
2.39101e-10
2.387e-10
2.38494e-10
2.38387e-10
2.38333e-10
2.38305e-10
2.38291e-10
2.38285e-10
2.38282e-10
2.38281e-10
2.38281e-10
2.38281e-10
2.38282e-10
)
;

boundaryField
{
    fixedWall
    {
        type            zeroGradient;
    }
    outlet
    {
        type            inletOutlet;
        inletValue      uniform 0;
        value           uniform 2.38282e-10;
    }
    defaultFaces
    {
        type            empty;
    }
}


// ************************************************************************* //
