/*--------------------------------*- C++ -*----------------------------------*\
| =========                 |                                                 |
| \\      /  F ield         | OpenFOAM: The Open Source CFD Toolbox           |
|  \\    /   O peration     | Version:  2406                                  |
|   \\  /    A nd           | Website:  www.openfoam.com                      |
|    \\/     M anipulation  |                                                 |
\*---------------------------------------------------------------------------*/
FoamFile
{
    version     2.0;
    format      ascii;
    arch        "LSB;label=32;scalar=64";
    class       volScalarField;
    location    "10";
    object      CO2;
}
// * * * * * * * * * * * * * * * * * * * * * * * * * * * * * * * * * * * * * //

dimensions      [0 0 0 0 0 0 0];

internalField   nonuniform List<scalar> 
1000
(
0.0709261
0.0709261
0.0709261
0.0709261
0.0709261
0.0709261
0.0709261
0.0709261
0.0709261
0.0709261
0.0709261
0.0709261
0.0709261
0.0709261
0.0709261
0.0709261
0.0709261
0.0709262
0.0709262
0.0709262
0.0709262
0.0709262
0.0709262
0.0709262
0.0709262
0.0709262
0.0709262
0.0709263
0.0709263
0.0709263
0.0709263
0.0709263
0.0709263
0.0709263
0.0709263
0.0709263
0.0709263
0.0709264
0.0709264
0.0709264
0.0709264
0.0709264
0.0709264
0.0709264
0.0709264
0.0709264
0.0709264
0.0709264
0.0709265
0.0709265
0.0709265
0.0709265
0.0709265
0.0709265
0.0709265
0.0709265
0.0709265
0.0709265
0.0709265
0.0709265
0.0709265
0.0709265
0.0709266
0.0709266
0.0709266
0.0709266
0.0709266
0.0709266
0.0709266
0.0709266
0.0709266
0.0709266
0.0709266
0.0709266
0.0709266
0.0709266
0.0709266
0.0709266
0.0709266
0.0709266
0.0709266
0.0709266
0.0709266
0.0709266
0.0709266
0.0709267
0.0709267
0.0709267
0.0709267
0.0709267
0.0709267
0.0709267
0.0709267
0.0709267
0.0709267
0.0709267
0.0709267
0.0709267
0.0709267
0.0709267
0.0709267
0.0709267
0.0709267
0.0709267
0.0709267
0.0709267
0.0709267
0.0709267
0.0709267
0.0709267
0.0709267
0.0709267
0.0709267
0.0709267
0.0709267
0.0709267
0.0709267
0.0709267
0.0709267
0.0709267
0.0709267
0.0709267
0.0709267
0.0709267
0.0709267
0.0709267
0.0709267
0.0709267
0.0709267
0.0709267
0.0709267
0.0709267
0.0709267
0.0709267
0.0709267
0.0709267
0.0709267
0.0709267
0.0709267
0.0709267
0.0709267
0.0709267
0.0709267
0.0709267
0.0709267
0.0709267
0.0709267
0.0709267
0.0709267
0.0709267
0.0709267
0.0709267
0.0709267
0.0709267
0.0709267
0.0709267
0.0709267
0.0709267
0.0709267
0.0709267
0.0709267
0.0709267
0.0709267
0.0709267
0.0709267
0.0709267
0.0709267
0.0709267
0.0709267
0.0709267
0.0709267
0.0709267
0.0709267
0.0709267
0.0709267
0.0709267
0.0709267
0.0709267
0.0709267
0.0709267
0.0709267
0.0709267
0.0709267
0.0709267
0.0709267
0.0709267
0.0709267
0.0709267
0.0709267
0.0709267
0.0709267
0.0709267
0.0709267
0.0709267
0.0709267
0.0709267
0.0709267
0.0709267
0.0709267
0.0709267
0.0709267
0.0709267
0.0709267
0.0709267
0.0709267
0.0709267
0.0709267
0.0709267
0.0709267
0.0709267
0.0709267
0.0709267
0.0709267
0.0709267
0.0709267
0.0709267
0.0709267
0.0709267
0.0709267
0.0709267
0.0709267
0.0709267
0.0709267
0.0709267
0.0709267
0.0709267
0.0709267
0.0709267
0.0709267
0.0709267
0.0709267
0.0709267
0.0709267
0.0709267
0.0709267
0.0709267
0.0709267
0.0709267
0.0709267
0.0709267
0.0709267
0.0709267
0.0709267
0.0709267
0.0709267
0.0709267
0.0709267
0.0709267
0.0709267
0.0709267
0.0709267
0.0709267
0.0709267
0.0709267
0.0709267
0.0709267
0.0709267
0.0709267
0.0709267
0.0709267
0.0709267
0.0709267
0.0709267
0.0709267
0.0709267
0.0709267
0.0709267
0.0709267
0.0709267
0.0709267
0.0709267
0.0709267
0.0709267
0.0709267
0.0709267
0.0709267
0.0709267
0.0709267
0.0709267
0.0709267
0.0709267
0.0709267
0.0709267
0.0709267
0.0709267
0.0709267
0.0709267
0.0709267
0.0709267
0.0709267
0.0709267
0.0709267
0.0709267
0.0709267
0.0709267
0.0709267
0.0709267
0.0709267
0.0709267
0.0709267
0.0709267
0.0709267
0.0709267
0.0709267
0.0709267
0.0709267
0.0709267
0.0709267
0.0709267
0.0709267
0.0709267
0.0709267
0.0709267
0.0709267
0.0709267
0.0709267
0.0709267
0.0709267
0.0709267
0.0709267
0.0709267
0.0709267
0.0709267
0.0709267
0.0709267
0.0709267
0.0709267
0.0709267
0.0709267
0.0709267
0.0709267
0.0709267
0.0709267
0.0709267
0.0709267
0.0709267
0.0709267
0.0709267
0.0709267
0.0709267
0.0709267
0.0709267
0.0709267
0.0709267
0.0709267
0.0709267
0.0709267
0.0709267
0.0709267
0.0709267
0.0709267
0.0709267
0.0709267
0.0709267
0.0709267
0.0709267
0.0709267
0.0709267
0.0709267
0.0709267
0.0709267
0.0709267
0.0709267
0.0709267
0.0709267
0.0709267
0.0709267
0.0709267
0.0709267
0.0709267
0.0709267
0.0709267
0.0709267
0.0709267
0.0709267
0.0709267
0.0709267
0.0709267
0.0709267
0.0709267
0.0709267
0.0709267
0.0709267
0.0709267
0.0709267
0.0709267
0.0709267
0.0709267
0.0709267
0.0709267
0.0709267
0.0709267
0.0709267
0.0709267
0.0709267
0.0709267
0.0709267
0.0709267
0.0709267
0.0709267
0.0709267
0.0709267
0.0709267
0.0709267
0.0709267
0.0709267
0.0709267
0.0709267
0.0709267
0.0709267
0.0709267
0.0709267
0.0709267
0.0709267
0.0709267
0.0709267
0.0709267
0.0709267
0.0709267
0.0709267
0.0709267
0.0709267
0.0709267
0.0709267
0.0709267
0.0709267
0.0709267
0.0709267
0.0709267
0.0709267
0.0709267
0.0709267
0.0709267
0.0709267
0.0709267
0.0709267
0.0709267
0.0709267
0.0709267
0.0709267
0.0709267
0.0709267
0.0709267
0.0709267
0.0709267
0.0709267
0.0709267
0.0709267
0.0709267
0.0709267
0.0709267
0.0709267
0.0709267
0.0709267
0.0709267
0.0709267
0.0709267
0.0709267
0.0709267
0.0709267
0.0709267
0.0709267
0.0709267
0.0709267
0.0709267
0.0709267
0.0709267
0.0709267
0.0709267
0.0709267
0.0709267
0.0709267
0.0709267
0.0709267
0.0709267
0.0709267
0.0709267
0.0709267
0.0709267
0.0709267
0.0709267
0.0709267
0.0709267
0.0709267
0.0709267
0.0709267
0.0709267
0.0709267
0.0709267
0.0709267
0.0709267
0.0709267
0.0709267
0.0709267
0.0709267
0.0709267
0.0709267
0.0709267
0.0709267
0.0709267
0.0709267
0.0709267
0.0709267
0.0709267
0.0709267
0.0709267
0.0709267
0.0709267
0.0709267
0.0709267
0.0709267
0.0709267
0.0709267
0.0709267
0.0709267
0.0709267
0.0709267
0.0709267
0.0709267
0.0709267
0.0709267
0.0709267
0.0709267
0.0709267
0.0709267
0.0709267
0.0709267
0.0709267
0.0709267
0.0709267
0.0709267
0.0709267
0.0709267
0.0709267
0.0709267
0.0709267
0.0709267
0.0709267
0.0709267
0.0709267
0.0709267
0.0709267
0.0709267
0.0709267
0.0709267
0.0709267
0.0709267
0.0709267
0.0709267
0.0709267
0.0709267
0.0709267
0.0709267
0.0709267
0.0709267
0.0709267
0.0709267
0.0709267
0.0709267
0.0709267
0.0709267
0.0709267
0.0709267
0.0709267
0.0709267
0.0709267
0.0709267
0.0709267
0.0709267
0.0709267
0.0709267
0.0709267
0.0709267
0.0709267
0.0709267
0.0709267
0.0709267
0.0709267
0.0709267
0.0709267
0.0709267
0.0709267
0.0709267
0.0709267
0.0709267
0.0709267
0.0709267
0.0709267
0.0709267
0.0709267
0.0709267
0.0709267
0.0709267
0.0709267
0.0709266
0.0709266
0.0709266
0.0709266
0.0709266
0.0709266
0.0709266
0.0709266
0.0709266
0.0709266
0.0709266
0.0709266
0.0709266
0.0709266
0.0709266
0.0709266
0.0709266
0.0709266
0.0709266
0.0709266
0.0709266
0.0709266
0.0709266
0.0709266
0.0709266
0.0709266
0.0709266
0.0709266
0.0709266
0.0709266
0.0709266
0.0709266
0.0709266
0.0709266
0.0709266
0.0709266
0.0709266
0.0709266
0.0709266
0.0709266
0.0709266
0.0709266
0.0709266
0.0709266
0.0709266
0.0709266
0.0709266
0.0709266
0.0709266
0.0709266
0.0709266
0.0709266
0.0709266
0.0709266
0.0709266
0.0709266
0.0709266
0.0709266
0.0709266
0.0709266
0.0709266
0.0709266
0.0709266
0.0709266
0.0709266
0.0709266
0.0709266
0.0709266
0.0709266
0.0709266
0.0709266
0.0709266
0.0709266
0.0709266
0.0709266
0.0709266
0.0709266
0.0709266
0.0709266
0.0709266
0.0709266
0.0709266
0.0709266
0.0709266
0.0709266
0.0709266
0.0709266
0.0709266
0.0709266
0.0709266
0.0709266
0.0709266
0.0709266
0.0709266
0.0709266
0.0709266
0.0709266
0.0709266
0.0709266
0.0709266
0.0709266
0.0709266
0.0709266
0.0709266
0.0709266
0.0709266
0.0709266
0.0709266
0.0709266
0.0709266
0.0709266
0.0709266
0.0709266
0.0709266
0.0709266
0.0709266
0.0709266
0.0709266
0.0709266
0.0709266
0.0709266
0.0709266
0.0709266
0.0709266
0.0709266
0.0709266
0.0709266
0.0709266
0.0709266
0.0709266
0.0709266
0.0709266
0.0709266
0.0709266
0.0709266
0.0709266
0.0709266
0.0709266
0.0709266
0.0709266
0.0709266
0.0709266
0.0709266
0.0709266
0.0709266
0.0709266
0.0709266
0.0709266
0.0709266
0.0709266
0.0709266
0.0709266
0.0709266
0.0709266
0.0709266
0.0709266
0.0709266
0.0709266
0.0709266
0.0709266
0.0709266
0.0709266
0.0709266
0.0709266
0.0709266
0.0709266
0.0709266
0.0709266
0.0709266
0.0709266
0.0709266
0.0709266
0.0709266
0.0709266
0.0709266
0.0709266
0.0709266
0.0709266
0.0709266
0.0709266
0.0709266
0.0709266
0.0709266
0.0709266
0.0709266
0.0709266
0.0709266
0.0709266
0.0709266
0.0709266
0.0709266
0.0709266
0.0709266
0.0709266
0.0709266
0.0709266
0.0709266
0.0709266
0.0709266
0.0709266
0.0709266
0.0709266
0.0709266
0.0709266
0.0709266
0.0709266
0.0709266
0.0709266
0.0709266
0.0709266
0.0709266
0.0709266
0.0709266
0.0709266
0.0709266
0.0709266
0.0709266
0.0709266
0.0709266
0.0709266
0.0709266
0.0709266
0.0709266
0.0709265
0.0709265
0.0709265
0.0709265
0.0709265
0.0709265
0.0709265
0.0709265
0.0709265
0.0709264
0.0709264
0.0709264
0.0709264
0.0709263
0.0709263
0.0709262
0.0709262
0.0709262
0.0709261
0.070926
0.070926
0.0709259
0.0709258
0.0709257
0.0709255
0.0709254
0.0709253
0.0709251
0.0709249
0.0709247
0.0709245
0.0709242
0.0709239
0.0709236
0.0709232
0.0709228
0.0709223
0.0709218
0.0709212
0.0709206
0.0709199
0.0709191
0.0709182
0.0709172
0.0709161
0.0709149
0.0709136
0.0709121
0.0709105
0.0709087
0.0709067
0.0709045
0.070902
0.0708993
0.0708964
0.0708931
0.0708895
0.0708856
0.0708812
0.0708764
0.0708712
0.0708655
0.0708591
0.0708522
0.0708447
0.0708364
0.0708274
0.0708175
0.0708067
0.0707949
0.0707821
0.0707681
0.0707529
0.0707364
0.0707184
0.0706988
0.0706776
0.0706546
0.0706297
0.0706027
0.0705735
0.0705419
0.0705077
0.0704708
0.070431
0.070388
0.0703418
0.070292
0.0702384
0.0701807
0.0701188
0.0700523
0.069981
0.0699045
0.0698226
0.0697349
0.0696411
0.0695408
0.0694337
0.0693194
0.0691975
0.0690676
0.0689292
0.068782
0.0686255
0.0684592
0.0682826
0.0680953
0.0678967
0.0676863
0.0674637
0.0672282
0.0669793
0.0667165
0.0664391
0.0661467
0.0658386
0.0655142
0.065173
0.0648143
0.0644375
0.0640422
0.0636275
0.0631931
0.0627382
0.0622624
0.061765
0.0612455
0.0607033
0.0601379
0.0595489
0.0589357
0.0582978
0.0576349
0.0569465
0.0562323
0.0554918
0.0547249
0.0539312
0.0531106
0.0522628
0.0513878
0.0504855
0.0495558
0.0485988
0.0476146
0.0466033
0.0455652
0.0445006
0.0434097
0.042293
0.0411509
0.039984
0.0388092
0.0376175
0.0363807
0.035123
0.0338451
0.0325481
0.0312331
0.0299012
0.0285539
0.0271924
0.0258184
0.0244335
0.0230394
0.0216381
0.0202316
0.0188219
0.0174114
0.0160025
0.014598
0.0132006
0.0118134
0.0104399
0.00908386
0.00774941
0.00644122
0.00516456
0.00392537
0.00273045
0.00158753
0.000505448
)
;

boundaryField
{
    fixedWall
    {
        type            zeroGradient;
    }
    outlet
    {
        type            inletOutlet;
        inletValue      uniform 0;
        value           uniform 0;
    }
    defaultFaces
    {
        type            empty;
    }
}


// ************************************************************************* //
