/*--------------------------------*- C++ -*----------------------------------*\
| =========                 |                                                 |
| \\      /  F ield         | OpenFOAM: The Open Source CFD Toolbox           |
|  \\    /   O peration     | Version:  2406                                  |
|   \\  /    A nd           | Website:  www.openfoam.com                      |
|    \\/     M anipulation  |                                                 |
\*---------------------------------------------------------------------------*/
FoamFile
{
    version     2.0;
    format      ascii;
    arch        "LSB;label=32;scalar=64";
    class       volScalarField;
    location    "10";
    object      f_Bilger;
}
// * * * * * * * * * * * * * * * * * * * * * * * * * * * * * * * * * * * * * //

dimensions      [0 0 0 0 0 0 0];

internalField   nonuniform List<scalar> 
1000
(
0.454053
0.454053
0.454053
0.454053
0.454053
0.454053
0.454053
0.454053
0.454053
0.454053
0.454053
0.454053
0.454053
0.454053
0.454053
0.454053
0.454053
0.454053
0.454053
0.454053
0.454053
0.454053
0.454053
0.454053
0.454053
0.454053
0.454053
0.454053
0.454053
0.454053
0.454053
0.454053
0.454053
0.454053
0.454053
0.454053
0.454053
0.454053
0.454053
0.454053
0.454053
0.454053
0.454053
0.454053
0.454053
0.454053
0.454053
0.454053
0.454053
0.454053
0.454053
0.454053
0.454053
0.454053
0.454053
0.454053
0.454053
0.454053
0.454053
0.454053
0.454053
0.454053
0.454053
0.454053
0.454053
0.454053
0.454053
0.454053
0.454053
0.454053
0.454053
0.454053
0.454053
0.454053
0.454053
0.454053
0.454053
0.454053
0.454053
0.454053
0.454053
0.454053
0.454053
0.454053
0.454053
0.454053
0.454053
0.454053
0.454053
0.454053
0.454053
0.454053
0.454053
0.454053
0.454053
0.454053
0.454053
0.454053
0.454053
0.454053
0.454053
0.454053
0.454053
0.454053
0.454053
0.454053
0.454053
0.454053
0.454053
0.454053
0.454053
0.454053
0.454053
0.454053
0.454053
0.454053
0.454053
0.454053
0.454053
0.454053
0.454053
0.454053
0.454053
0.454053
0.454053
0.454053
0.454053
0.454053
0.454053
0.454053
0.454053
0.454053
0.454053
0.454053
0.454053
0.454053
0.454053
0.454053
0.454053
0.454053
0.454053
0.454053
0.454053
0.454053
0.454053
0.454053
0.454053
0.454053
0.454053
0.454053
0.454053
0.454053
0.454053
0.454053
0.454053
0.454053
0.454053
0.454053
0.454053
0.454053
0.454053
0.454053
0.454053
0.454053
0.454053
0.454053
0.454053
0.454053
0.454053
0.454053
0.454053
0.454053
0.454053
0.454053
0.454053
0.454053
0.454053
0.454053
0.454053
0.454053
0.454053
0.454053
0.454053
0.454053
0.454053
0.454053
0.454053
0.454053
0.454053
0.454053
0.454053
0.454053
0.454053
0.454053
0.454053
0.454053
0.454053
0.454053
0.454053
0.454053
0.454053
0.454053
0.454053
0.454053
0.454053
0.454053
0.454053
0.454053
0.454053
0.454053
0.454053
0.454053
0.454053
0.454053
0.454053
0.454053
0.454053
0.454053
0.454053
0.454053
0.454053
0.454053
0.454053
0.454053
0.454053
0.454053
0.454053
0.454053
0.454053
0.454053
0.454053
0.454053
0.454053
0.454053
0.454053
0.454053
0.454053
0.454053
0.454053
0.454053
0.454053
0.454053
0.454053
0.454053
0.454053
0.454053
0.454053
0.454053
0.454053
0.454053
0.454053
0.454053
0.454053
0.454053
0.454053
0.454053
0.454053
0.454053
0.454053
0.454053
0.454053
0.454053
0.454053
0.454053
0.454053
0.454053
0.454053
0.454053
0.454053
0.454053
0.454053
0.454053
0.454053
0.454053
0.454053
0.454053
0.454053
0.454053
0.454053
0.454053
0.454053
0.454053
0.454053
0.454053
0.454053
0.454053
0.454053
0.454053
0.454053
0.454053
0.454053
0.454053
0.454053
0.454053
0.454053
0.454053
0.454053
0.454053
0.454053
0.454053
0.454053
0.454053
0.454053
0.454053
0.454053
0.454053
0.454053
0.454053
0.454053
0.454053
0.454053
0.454053
0.454053
0.454053
0.454053
0.454053
0.454053
0.454053
0.454053
0.454053
0.454053
0.454053
0.454053
0.454053
0.454053
0.454053
0.454053
0.454053
0.454053
0.454053
0.454053
0.454053
0.454053
0.454053
0.454053
0.454053
0.454053
0.454053
0.454053
0.454053
0.454053
0.454053
0.454053
0.454053
0.454053
0.454053
0.454053
0.454053
0.454053
0.454053
0.454053
0.454053
0.454053
0.454053
0.454053
0.454053
0.454053
0.454053
0.454053
0.454053
0.454053
0.454053
0.454053
0.454053
0.454053
0.454053
0.454053
0.454053
0.454053
0.454053
0.454053
0.454053
0.454053
0.454053
0.454053
0.454053
0.454053
0.454053
0.454053
0.454053
0.454053
0.454053
0.454053
0.454053
0.454053
0.454053
0.454053
0.454053
0.454053
0.454053
0.454053
0.454053
0.454053
0.454053
0.454053
0.454053
0.454053
0.454053
0.454053
0.454053
0.454053
0.454053
0.454053
0.454053
0.454053
0.454053
0.454053
0.454053
0.454053
0.454053
0.454053
0.454053
0.454053
0.454053
0.454053
0.454053
0.454053
0.454053
0.454053
0.454053
0.454053
0.454053
0.454053
0.454053
0.454053
0.454053
0.454053
0.454053
0.454053
0.454053
0.454053
0.454053
0.454053
0.454053
0.454053
0.454053
0.454053
0.454053
0.454053
0.454053
0.454053
0.454053
0.454053
0.454053
0.454053
0.454053
0.454053
0.454053
0.454053
0.454053
0.454053
0.454053
0.454053
0.454053
0.454053
0.454053
0.454053
0.454053
0.454053
0.454053
0.454053
0.454053
0.454053
0.454053
0.454053
0.454053
0.454053
0.454053
0.454053
0.454053
0.454053
0.454053
0.454053
0.454053
0.454053
0.454053
0.454053
0.454053
0.454053
0.454053
0.454053
0.454053
0.454053
0.454053
0.454053
0.454053
0.454053
0.454053
0.454053
0.454053
0.454053
0.454053
0.454053
0.454053
0.454053
0.454053
0.454053
0.454053
0.454053
0.454053
0.454053
0.454053
0.454053
0.454053
0.454053
0.454053
0.454053
0.454053
0.454053
0.454053
0.454053
0.454053
0.454053
0.454053
0.454053
0.454053
0.454053
0.454053
0.454053
0.454053
0.454053
0.454053
0.454053
0.454053
0.454053
0.454053
0.454053
0.454053
0.454053
0.454053
0.454053
0.454053
0.454053
0.454053
0.454053
0.454053
0.454053
0.454053
0.454053
0.454053
0.454053
0.454053
0.454053
0.454053
0.454053
0.454053
0.454053
0.454053
0.454053
0.454053
0.454053
0.454053
0.454053
0.454053
0.454053
0.454053
0.454053
0.454053
0.454053
0.454053
0.454053
0.454053
0.454053
0.454053
0.454053
0.454053
0.454053
0.454053
0.454053
0.454053
0.454053
0.454053
0.454053
0.454053
0.454053
0.454053
0.454053
0.454053
0.454053
0.454053
0.454053
0.454053
0.454053
0.454053
0.454053
0.454053
0.454053
0.454053
0.454053
0.454053
0.454053
0.454053
0.454053
0.454053
0.454053
0.454053
0.454053
0.454053
0.454053
0.454053
0.454053
0.454053
0.454053
0.454053
0.454053
0.454053
0.454053
0.454053
0.454053
0.454053
0.454053
0.454053
0.454053
0.454053
0.454053
0.454053
0.454053
0.454053
0.454053
0.454053
0.454053
0.454053
0.454053
0.454053
0.454053
0.454053
0.454053
0.454053
0.454053
0.454053
0.454053
0.454053
0.454053
0.454053
0.454053
0.454053
0.454053
0.454053
0.454053
0.454053
0.454053
0.454053
0.454053
0.454053
0.454053
0.454053
0.454053
0.454053
0.454053
0.454053
0.454053
0.454053
0.454053
0.454053
0.454053
0.454053
0.454053
0.454053
0.454053
0.454053
0.454053
0.454053
0.454053
0.454053
0.454053
0.454053
0.454053
0.454053
0.454053
0.454053
0.454053
0.454053
0.454053
0.454053
0.454053
0.454053
0.454053
0.454053
0.454053
0.454053
0.454053
0.454053
0.454053
0.454053
0.454053
0.454053
0.454053
0.454053
0.454053
0.454053
0.454053
0.454053
0.454053
0.454053
0.454053
0.454053
0.454053
0.454053
0.454053
0.454053
0.454053
0.454053
0.454053
0.454053
0.454053
0.454053
0.454053
0.454053
0.454053
0.454053
0.454053
0.454053
0.454053
0.454053
0.454053
0.454053
0.454053
0.454053
0.454053
0.454053
0.454053
0.454053
0.454053
0.454053
0.454053
0.454053
0.454053
0.454053
0.454053
0.454053
0.454053
0.454053
0.454053
0.454053
0.454053
0.454053
0.454053
0.454053
0.454053
0.454053
0.454053
0.454053
0.454053
0.454053
0.454053
0.454053
0.454053
0.454053
0.454053
0.454053
0.454053
0.454053
0.454053
0.454053
0.454053
0.454053
0.454053
0.454053
0.454053
0.454053
0.454053
0.454053
0.454053
0.454053
0.454053
0.454053
0.454053
0.454053
0.454053
0.454053
0.454053
0.454053
0.454053
0.454053
0.454053
0.454053
0.454053
0.454053
0.454053
0.454053
0.454053
0.454053
0.454053
0.454053
0.454053
0.454053
0.454053
0.454053
0.454053
0.454053
0.454053
0.454053
0.454053
0.454053
0.454053
0.454053
0.454053
0.454053
0.454053
0.454053
0.454053
0.454053
0.454053
0.454053
0.454053
0.454053
0.454053
0.454053
0.454053
0.454053
0.454053
0.454053
0.454053
0.454053
0.454053
0.454053
0.454053
0.454053
0.454053
0.454053
0.454053
0.454052
0.454052
0.454052
0.454052
0.454052
0.454052
0.454052
0.454052
0.454052
0.454051
0.454051
0.454051
0.454051
0.45405
0.45405
0.45405
0.454049
0.454049
0.454048
0.454048
0.454047
0.454046
0.454045
0.454045
0.454043
0.454042
0.454041
0.454039
0.454038
0.454036
0.454034
0.454031
0.454029
0.454026
0.454023
0.454019
0.454015
0.454011
0.454006
0.454
0.453994
0.453987
0.45398
0.453971
0.453962
0.453952
0.453941
0.453928
0.453915
0.4539
0.453883
0.453864
0.453844
0.453822
0.453797
0.453771
0.453741
0.453709
0.453673
0.453634
0.453592
0.453545
0.453494
0.453438
0.453378
0.453311
0.453239
0.45316
0.453075
0.452982
0.45288
0.45277
0.452651
0.452521
0.452381
0.452229
0.452064
0.451886
0.451693
0.451486
0.451261
0.45102
0.450759
0.450478
0.450176
0.449852
0.449503
0.449128
0.448727
0.448296
0.447834
0.44734
0.446812
0.446247
0.445644
0.445
0.444313
0.443582
0.442802
0.441973
0.441091
0.440155
0.43916
0.438105
0.436986
0.435801
0.434547
0.433221
0.431819
0.430338
0.428776
0.427129
0.425393
0.423566
0.421644
0.419623
0.417501
0.415274
0.412939
0.410491
0.407929
0.405249
0.402447
0.399521
0.396467
0.393282
0.389964
0.38651
0.382917
0.379182
0.375305
0.371281
0.367111
0.362791
0.35832
0.353697
0.348922
0.343993
0.33891
0.333673
0.328282
0.322738
0.317042
0.311194
0.305197
0.299052
0.292761
0.286328
0.279754
0.273137
0.266424
0.259457
0.252372
0.245173
0.237867
0.230459
0.222957
0.215367
0.207697
0.199957
0.192156
0.184303
0.176409
0.168485
0.160544
0.152598
0.144662
0.136749
0.128877
0.121063
0.113325
0.105686
0.0981687
0.0907991
0.0836071
0.0766263
0.0698948
0.0634562
0.0573604
)
;

boundaryField
{
    fixedWall
    {
        type            calculated;
        value           uniform 0.454053;
    }
    outlet
    {
        type            calculated;
        value           uniform 0.054513;
    }
    defaultFaces
    {
        type            empty;
    }
}


// ************************************************************************* //
