/*--------------------------------*- C++ -*----------------------------------*\
| =========                 |                                                 |
| \\      /  F ield         | OpenFOAM: The Open Source CFD Toolbox           |
|  \\    /   O peration     | Version:  2406                                  |
|   \\  /    A nd           | Website:  www.openfoam.com                      |
|    \\/     M anipulation  |                                                 |
\*---------------------------------------------------------------------------*/
FoamFile
{
    version     2.0;
    format      ascii;
    arch        "LSB;label=32;scalar=64";
    class       volScalarField;
    location    "10";
    object      N2;
}
// * * * * * * * * * * * * * * * * * * * * * * * * * * * * * * * * * * * * * //

dimensions      [0 0 0 0 0 0 0];

internalField   nonuniform List<scalar> 
1000
(
0.44843
0.44843
0.44843
0.44843
0.44843
0.44843
0.44843
0.44843
0.44843
0.44843
0.44843
0.44843
0.44843
0.44843
0.44843
0.44843
0.44843
0.44843
0.44843
0.44843
0.44843
0.44843
0.44843
0.44843
0.44843
0.44843
0.44843
0.44843
0.44843
0.44843
0.44843
0.44843
0.44843
0.44843
0.44843
0.44843
0.44843
0.44843
0.44843
0.44843
0.44843
0.44843
0.44843
0.44843
0.44843
0.44843
0.44843
0.44843
0.44843
0.44843
0.44843
0.44843
0.44843
0.44843
0.44843
0.44843
0.44843
0.44843
0.44843
0.44843
0.44843
0.44843
0.44843
0.44843
0.44843
0.44843
0.44843
0.44843
0.44843
0.44843
0.44843
0.44843
0.44843
0.44843
0.44843
0.44843
0.44843
0.44843
0.44843
0.44843
0.44843
0.44843
0.44843
0.44843
0.44843
0.44843
0.44843
0.44843
0.44843
0.44843
0.44843
0.44843
0.44843
0.44843
0.44843
0.44843
0.44843
0.44843
0.44843
0.44843
0.44843
0.44843
0.44843
0.44843
0.44843
0.44843
0.44843
0.44843
0.44843
0.44843
0.44843
0.44843
0.44843
0.44843
0.44843
0.44843
0.44843
0.44843
0.44843
0.44843
0.44843
0.44843
0.44843
0.44843
0.44843
0.44843
0.44843
0.44843
0.44843
0.44843
0.44843
0.44843
0.44843
0.44843
0.44843
0.44843
0.44843
0.44843
0.44843
0.44843
0.44843
0.44843
0.44843
0.44843
0.44843
0.44843
0.44843
0.44843
0.44843
0.44843
0.44843
0.44843
0.44843
0.44843
0.44843
0.44843
0.44843
0.44843
0.44843
0.44843
0.44843
0.44843
0.44843
0.44843
0.44843
0.44843
0.44843
0.44843
0.44843
0.44843
0.44843
0.44843
0.44843
0.44843
0.44843
0.44843
0.44843
0.44843
0.44843
0.44843
0.44843
0.44843
0.44843
0.44843
0.44843
0.44843
0.44843
0.44843
0.44843
0.44843
0.44843
0.44843
0.44843
0.44843
0.44843
0.44843
0.44843
0.44843
0.44843
0.44843
0.44843
0.44843
0.44843
0.44843
0.44843
0.44843
0.44843
0.44843
0.44843
0.44843
0.44843
0.44843
0.44843
0.44843
0.44843
0.44843
0.44843
0.44843
0.44843
0.44843
0.44843
0.44843
0.44843
0.44843
0.44843
0.44843
0.44843
0.44843
0.44843
0.44843
0.44843
0.44843
0.44843
0.44843
0.44843
0.44843
0.44843
0.44843
0.44843
0.44843
0.44843
0.44843
0.44843
0.44843
0.44843
0.44843
0.44843
0.44843
0.44843
0.44843
0.44843
0.44843
0.44843
0.44843
0.44843
0.44843
0.44843
0.44843
0.44843
0.44843
0.44843
0.44843
0.44843
0.44843
0.44843
0.44843
0.44843
0.44843
0.44843
0.44843
0.44843
0.44843
0.44843
0.44843
0.44843
0.44843
0.44843
0.44843
0.44843
0.44843
0.44843
0.44843
0.44843
0.44843
0.44843
0.44843
0.44843
0.44843
0.44843
0.44843
0.44843
0.44843
0.44843
0.44843
0.44843
0.44843
0.44843
0.44843
0.44843
0.44843
0.44843
0.44843
0.44843
0.44843
0.44843
0.44843
0.44843
0.44843
0.44843
0.44843
0.44843
0.44843
0.44843
0.44843
0.44843
0.44843
0.44843
0.44843
0.44843
0.44843
0.44843
0.44843
0.44843
0.44843
0.44843
0.44843
0.44843
0.44843
0.44843
0.44843
0.44843
0.44843
0.44843
0.44843
0.44843
0.44843
0.44843
0.44843
0.44843
0.44843
0.44843
0.44843
0.44843
0.44843
0.44843
0.44843
0.44843
0.44843
0.44843
0.44843
0.44843
0.44843
0.44843
0.44843
0.44843
0.44843
0.44843
0.44843
0.44843
0.44843
0.44843
0.44843
0.44843
0.44843
0.44843
0.44843
0.44843
0.44843
0.44843
0.44843
0.44843
0.44843
0.44843
0.44843
0.44843
0.44843
0.44843
0.44843
0.44843
0.44843
0.44843
0.44843
0.44843
0.44843
0.44843
0.44843
0.44843
0.44843
0.44843
0.44843
0.44843
0.44843
0.44843
0.44843
0.44843
0.44843
0.44843
0.44843
0.44843
0.44843
0.44843
0.44843
0.44843
0.44843
0.44843
0.44843
0.44843
0.44843
0.44843
0.44843
0.44843
0.44843
0.44843
0.44843
0.44843
0.44843
0.44843
0.44843
0.44843
0.44843
0.44843
0.44843
0.44843
0.44843
0.44843
0.44843
0.44843
0.44843
0.44843
0.44843
0.44843
0.44843
0.44843
0.44843
0.44843
0.44843
0.44843
0.44843
0.44843
0.44843
0.44843
0.44843
0.44843
0.44843
0.44843
0.44843
0.44843
0.44843
0.44843
0.44843
0.44843
0.44843
0.44843
0.44843
0.44843
0.44843
0.44843
0.44843
0.44843
0.44843
0.44843
0.44843
0.44843
0.44843
0.44843
0.44843
0.44843
0.44843
0.44843
0.44843
0.44843
0.44843
0.44843
0.44843
0.44843
0.44843
0.44843
0.44843
0.44843
0.44843
0.44843
0.44843
0.44843
0.44843
0.44843
0.44843
0.44843
0.44843
0.44843
0.44843
0.44843
0.44843
0.44843
0.44843
0.44843
0.44843
0.44843
0.44843
0.44843
0.44843
0.44843
0.44843
0.44843
0.44843
0.44843
0.44843
0.44843
0.44843
0.44843
0.44843
0.44843
0.44843
0.44843
0.44843
0.44843
0.44843
0.44843
0.44843
0.44843
0.44843
0.44843
0.44843
0.44843
0.44843
0.44843
0.44843
0.44843
0.44843
0.44843
0.44843
0.44843
0.44843
0.44843
0.44843
0.44843
0.44843
0.44843
0.44843
0.44843
0.44843
0.44843
0.44843
0.44843
0.44843
0.44843
0.44843
0.44843
0.44843
0.44843
0.44843
0.44843
0.44843
0.44843
0.44843
0.44843
0.44843
0.44843
0.44843
0.44843
0.44843
0.44843
0.44843
0.44843
0.44843
0.44843
0.44843
0.44843
0.44843
0.44843
0.44843
0.44843
0.44843
0.44843
0.44843
0.44843
0.44843
0.44843
0.44843
0.44843
0.44843
0.44843
0.44843
0.44843
0.44843
0.44843
0.44843
0.44843
0.44843
0.44843
0.44843
0.44843
0.44843
0.44843
0.44843
0.44843
0.44843
0.44843
0.44843
0.44843
0.44843
0.44843
0.44843
0.44843
0.44843
0.44843
0.44843
0.44843
0.44843
0.44843
0.44843
0.44843
0.44843
0.44843
0.44843
0.44843
0.44843
0.44843
0.44843
0.44843
0.44843
0.44843
0.44843
0.44843
0.44843
0.44843
0.44843
0.44843
0.44843
0.44843
0.44843
0.44843
0.44843
0.44843
0.44843
0.44843
0.44843
0.44843
0.44843
0.44843
0.44843
0.44843
0.44843
0.44843
0.44843
0.44843
0.44843
0.44843
0.44843
0.44843
0.44843
0.44843
0.44843
0.44843
0.44843
0.44843
0.44843
0.44843
0.44843
0.44843
0.44843
0.44843
0.44843
0.44843
0.44843
0.44843
0.44843
0.44843
0.44843
0.44843
0.44843
0.44843
0.44843
0.44843
0.44843
0.44843
0.44843
0.44843
0.44843
0.44843
0.44843
0.44843
0.44843
0.44843
0.44843
0.44843
0.44843
0.44843
0.44843
0.44843
0.44843
0.44843
0.44843
0.44843
0.44843
0.44843
0.44843
0.44843
0.44843
0.44843
0.44843
0.44843
0.44843
0.44843
0.44843
0.44843
0.44843
0.44843
0.44843
0.44843
0.44843
0.44843
0.44843
0.44843
0.44843
0.44843
0.44843
0.44843
0.44843
0.44843
0.44843
0.44843
0.44843
0.44843
0.44843
0.44843
0.44843
0.44843
0.44843
0.44843
0.44843
0.44843
0.44843
0.44843
0.44843
0.44843
0.44843
0.44843
0.44843
0.44843
0.44843
0.44843
0.44843
0.44843
0.44843
0.44843
0.44843
0.44843
0.44843
0.44843
0.44843
0.44843
0.44843
0.44843
0.44843
0.44843
0.44843
0.44843
0.44843
0.44843
0.44843
0.44843
0.44843
0.44843
0.44843
0.44843
0.44843
0.44843
0.44843
0.44843
0.44843
0.44843
0.44843
0.44843
0.44843
0.44843
0.44843
0.44843
0.44843
0.44843
0.44843
0.44843
0.44843
0.44843
0.44843
0.44843
0.44843
0.44843
0.44843
0.44843
0.44843
0.44843
0.44843
0.44843
0.44843
0.44843
0.44843
0.44843
0.44843
0.44843
0.44843
0.44843
0.44843
0.44843
0.44843
0.44843
0.44843
0.44843
0.44843
0.44843
0.44843
0.44843
0.44843
0.44843
0.44843
0.44843
0.44843
0.44843
0.448431
0.448431
0.448431
0.448431
0.448431
0.448431
0.448431
0.448431
0.448431
0.448431
0.448432
0.448432
0.448432
0.448432
0.448432
0.448433
0.448433
0.448434
0.448434
0.448435
0.448435
0.448436
0.448436
0.448437
0.448438
0.448439
0.44844
0.448442
0.448443
0.448445
0.448447
0.448449
0.448451
0.448454
0.448457
0.44846
0.448463
0.448467
0.448472
0.448477
0.448482
0.448489
0.448495
0.448503
0.448511
0.448521
0.448531
0.448543
0.448555
0.448569
0.448585
0.448602
0.448621
0.448642
0.448665
0.44869
0.448718
0.448749
0.448783
0.44882
0.448861
0.448905
0.448954
0.449008
0.449067
0.449131
0.449202
0.449279
0.449362
0.449454
0.449554
0.449662
0.449781
0.449909
0.450049
0.450201
0.450366
0.450545
0.450739
0.450949
0.451176
0.451422
0.451687
0.451974
0.452284
0.452618
0.452978
0.453365
0.453782
0.45423
0.454712
0.455229
0.455783
0.456378
0.457015
0.457697
0.458426
0.459206
0.460039
0.460928
0.461876
0.462886
0.463962
0.465107
0.466324
0.467617
0.46899
0.470447
0.471991
0.473627
0.475358
0.477189
0.479125
0.481169
0.483325
0.485599
0.487995
0.490518
0.493172
0.495961
0.49889
0.501965
0.505189
0.508567
0.512105
0.515805
0.519673
0.523713
0.527929
0.532325
0.536906
0.541675
0.546635
0.55179
0.557143
0.562697
0.568455
0.574419
0.580591
0.586972
0.593565
0.60037
0.607387
0.614616
0.622058
0.629712
0.637576
0.645649
0.653928
0.662411
0.671095
0.679977
0.689052
0.698187
0.707455
0.717073
0.726854
0.736791
0.746877
0.757104
0.767461
0.77794
0.788527
0.799213
0.809983
0.820824
0.831722
0.84266
0.853623
0.864592
0.875549
0.886472
0.897339
0.908127
0.918809
0.929355
0.939733
0.949907
0.959835
0.969472
0.978765
0.987654
0.996069
)
;

boundaryField
{
    fixedWall
    {
        type            zeroGradient;
    }
    outlet
    {
        type            inletOutlet;
        inletValue      uniform 0;
        value           uniform 1;
    }
    defaultFaces
    {
        type            empty;
    }
}


// ************************************************************************* //
